Time,Hips.X,Hips.Y,Hips.Z,LowerBack.X,LowerBack.Y,LowerBack.Z,Spine.X,Spine.Y,Spine.Z,Spine1.X,Spine1.Y,Spine1.Z,RightShoulder.X,RightShoulder.Y,RightShoulder.Z,RightArm.X,RightArm.Y,RightArm.Z,RightForeArm.X,RightForeArm.Y,RightForeArm.Z,RightHand.X,RightHand.Y,RightHand.Z,RThumb.X,RThumb.Y,RThumb.Z,RThumbEnd.X,RThumbEnd.Y,RThumbEnd.Z,RightFingerBase.X,RightFingerBase.Y,RightFingerBase.Z,RightHandIndex1.X,RightHandIndex1.Y,RightHandIndex1.Z,RightHandIndex1End.X,RightHandIndex1End.Y,RightHandIndex1End.Z,LeftShoulder.X,LeftShoulder.Y,LeftShoulder.Z,LeftArm.X,LeftArm.Y,LeftArm.Z,LeftForeArm.X,LeftForeArm.Y,LeftForeArm.Z,LeftHand.X,LeftHand.Y,LeftHand.Z,LThumb.X,LThumb.Y,LThumb.Z,LThumbEnd.X,LThumbEnd.Y,LThumbEnd.Z,LeftFingerBase.X,LeftFingerBase.Y,LeftFingerBase.Z,LeftHandIndex1.X,LeftHandIndex1.Y,LeftHandIndex1.Z,LeftHandIndex1End.X,LeftHandIndex1End.Y,LeftHandIndex1End.Z,Neck.X,Neck.Y,Neck.Z,Neck1.X,Neck1.Y,Neck1.Z,Head.X,Head.Y,Head.Z,HeadEnd.X,HeadEnd.Y,HeadEnd.Z,RHipJoint.X,RHipJoint.Y,RHipJoint.Z,RightUpLeg.X,RightUpLeg.Y,RightUpLeg.Z,RightLeg.X,RightLeg.Y,RightLeg.Z,RightFoot.X,RightFoot.Y,RightFoot.Z,RightToeBase.X,RightToeBase.Y,RightToeBase.Z,RightToeBaseEnd.X,RightToeBaseEnd.Y,RightToeBaseEnd.Z,LHipJoint.X,LHipJoint.Y,LHipJoint.Z,LeftUpLeg.X,LeftUpLeg.Y,LeftUpLeg.Z,LeftLeg.X,LeftLeg.Y,LeftLeg.Z,LeftFoot.X,LeftFoot.Y,LeftFoot.Z,LeftToeBase.X,LeftToeBase.Y,LeftToeBase.Z,LeftToeBaseEnd.X,LeftToeBaseEnd.Y,LeftToeBaseEnd.Z
0.0,1.481455,17.384774,1.128912,1.481455,17.384774,1.128912,1.495554372708313,19.426916342553707,1.2351076959508789,1.527437259270048,21.46918185029147,1.4110796279432156,1.527437259270048,21.46918185029147,1.4110796279432156,2.2315048582108346,23.262687217169685,-1.4485780264099763,-2.4117836209010473,20.927395621865294,-2.129607302320748,-2.4366452025405265,24.121247775211177,-0.8408104551697866,-2.4366452025405265,24.121247775211177,-0.8408104551697866,-2.4366452025405265,24.121247775211177,-0.8408104551697866,-2.4366452025405265,24.121247775211177,-0.8408104551697866,-2.3049093380209182,24.729664843227972,-0.8450453394798367,-2.3049093380209182,24.729664843227972,-0.8450453394798367,1.527437259270048,21.46918185029147,1.4110796279432156,2.195504585016148,22.66138772884694,4.724253431972855,-1.935386213429835,20.09778987501889,5.816954788777418,-2.2782240717498476,23.35003458349454,4.6167227975796,-2.2782240717498476,23.35003458349454,4.6167227975796,-2.2782240717498476,23.35003458349454,4.6167227975796,-2.2782240717498476,23.35003458349454,4.6167227975796,-2.2668351052403293,24.056435540085268,4.505076715832186,-2.2668351052403293,24.056435540085268,4.505076715832186,1.527437259270048,21.46918185029147,1.4110796279432156,1.3461573023656377,23.215018721049148,1.4437997261671047,1.3437575136034838,24.96296235869327,1.7144941221810057,1.3437575136034838,24.96296235869327,1.7144941221810057,1.481455,17.384774,1.128912,1.200364138472362,15.257980432070427,0.11539137446786674,1.7702679800559018,7.909299569710798,-0.8512868542813373,2.3724746355914057,0.4575432580653871,-1.5548607710673064,0.19022466959970208,-0.37997799853646974,-2.148826118683862,0.19022466959970208,-0.37997799853646974,-2.148826118683862,1.481455,17.384774,1.128912,1.068112779484614,15.239100330458715,2.1330383950203915,1.9572533969322674,8.18238972010909,2.9369859512601098,2.3186914951782134,0.7333512217565845,3.6454237814884207,0.27685993167372924,-0.02029662057984094,4.577953641717295,0.27685993167372924,-0.02029662057984094,4.577953641717295
0.008333,1.474535,17.385519,1.107889,1.474535,17.385519,1.107889,1.4854742203997238,19.42738408031535,1.219643161648854,1.5143854451502392,21.469169127241347,1.4016019664174753,1.5143854451502392,21.469169127241347,1.4016019664174753,2.204787956557177,23.279454594086918,-1.4508049971434245,-2.432707551311215,20.934213864357915,-2.1370971682488964,-2.4602330314249765,24.12241540630914,-0.8344382471401028,-2.4602330314249765,24.12241540630914,-0.8344382471401028,-2.4602330314249765,24.12241540630914,-0.8344382471401028,-2.4602330314249765,24.12241540630914,-0.8344382471401028,-2.3304158221515565,24.731252894753414,-0.837267689016218,-2.3304158221515565,24.731252894753414,-0.837267689016218,1.5143854451502392,21.469169127241347,1.4016019664174753,2.2034566754606995,22.648327395121076,4.715143286991175,-1.8883084079654604,20.030143840962815,5.82548664775384,-2.288003852852012,23.28534456132445,4.65113487120048,-2.288003852852012,23.28534456132445,4.65113487120048,-2.288003852852012,23.28534456132445,4.65113487120048,-2.288003852852012,23.28534456132445,4.65113487120048,-2.2879284817166834,23.99260150533738,4.544436806247611,-2.2879284817166834,23.99260150533738,4.544436806247611,1.5143854451502392,21.469169127241347,1.4016019664174753,1.3315769739394612,23.214766417721656,1.438352057864844,1.3294291322445793,24.962285797016516,1.7117740415548088,1.3294291322445793,24.962285797016516,1.7117740415548088,1.474535,17.385519,1.107889,1.191584102827296,15.258423505521767,0.09552021415189293,1.7526842116895498,7.907860356795995,-0.8619533718176805,2.375915061274468,0.4566858262945157,-1.55327288161886,0.19346534206609212,-0.38194047587744495,-2.144940653204117,0.19346534206609212,-0.38194047587744495,-2.144940653204117,1.474535,17.385519,1.107889,1.076105289954888,15.238118279255538,2.1143486441485084,1.9661757754629976,8.182130600005184,2.923595052910749,2.3136404697138557,0.7334883124646927,3.6431036120069513,0.27358479660692314,-0.01973037502550512,4.579857370280579,0.27358479660692314,-0.01973037502550512,4.579857370280579
0.016666,1.467552,17.386334,1.08554,1.467552,17.386334,1.08554,1.474479783241452,19.42786198625806,1.2035957179660701,1.4995584338260446,21.469081399946603,1.3923426646058898,1.4995584338260446,21.469081399946603,1.3923426646058898,2.1769790912627194,23.29897871043719,-1.4506472528819254,-2.4527055341541963,20.941291471152034,-2.1469566387803014,-2.4841920826516053,24.12320649368624,-0.829105214857689,-2.4841920826516053,24.12320649368624,-0.829105214857689,-2.4841920826516053,24.12320649368624,-0.829105214857689,-2.4841920826516053,24.12320649368624,-0.829105214857689,-2.356462702598834,24.73249080417603,-0.8303032809301423,-2.356462702598834,24.73249080417603,-0.8303032809301423,1.4995584338260446,21.469081399946603,1.3923426646058898,2.209656737084139,22.63447521468821,4.706314167285413,-1.8381898130851284,19.955752477602957,5.833111311453454,-2.3001217242124397,23.21282163472045,4.6871140650186245,-2.3001217242124397,23.21282163472045,4.6871140650186245,-2.3001217242124397,23.21282163472045,4.6871140650186245,-2.3001217242124397,23.21282163472045,4.6871140650186245,-2.3126767922580775,23.920874487491023,4.586613340892771,-2.3126767922580775,23.920874487491023,4.586613340892771,1.4995584338260446,21.469081399946603,1.3923426646058898,1.3148380546950247,23.214382679925528,1.4333454759437843,1.312584073026539,24.961458991391197,1.709583519815642,1.312584073026539,24.961458991391197,1.709583519815642,1.467552,17.386334,1.08554,1.1846592631764128,15.2587281011742,0.07422805498297924,1.7303015926124972,7.905840851728466,-0.8742924501543216,2.379461659840267,0.45569321079336067,-1.5526968840180202,0.19671953256263253,-0.38469966666002475,-2.1407684960119377,0.19671953256263253,-0.38469966666002475,-2.1407684960119377,1.467552,17.386334,1.08554,1.0848542750907795,15.237039701104045,2.094060486992033,1.972705547340682,8.181590700675912,2.910410209673365,2.309974769282588,0.7335492521117164,3.6409061100728426,0.27165732816971566,-0.018958883474189947,4.582004754919436,0.27165732816971566,-0.018958883474189947,4.582004754919436
0.024999,1.461215,17.387189,1.061695,1.461215,17.387189,1.061695,1.4632792904432252,19.428310448470704,1.1867575311506897,1.4836290052769103,21.468867946005826,1.383078777477685,1.4836290052769103,21.468867946005826,1.383078777477685,2.148417408309024,23.321353511391933,-1.4482403840140254,-2.47141584060099,20.948743285199342,-2.159139165017263,-2.508095577555566,24.123685863540867,-0.8247099949108032,-2.508095577555566,24.123685863540867,-0.8247099949108032,-2.508095577555566,24.123685863540867,-0.8247099949108032,-2.508095577555566,24.123685863540867,-0.8247099949108032,-2.3825612384975408,24.733426996375965,-0.8240160595840218,-2.3825612384975408,24.733426996375965,-0.8240160595840218,1.4836290052769103,21.468867946005826,1.383078777477685,2.2134943955671726,22.618172977478974,4.698374227507283,-1.7858827341418215,19.874108993083343,5.840908438768995,-2.3140621583831966,23.13143151188438,4.724634826288735,-2.3140621583831966,23.13143151188438,4.724634826288735,-2.3140621583831966,23.13143151188438,4.724634826288735,-2.3140621583831966,23.13143151188438,4.724634826288735,-2.34011645863794,23.84006360123786,4.6310474180718115,-2.34011645863794,23.84006360123786,4.6310474180718115,1.4836290052769103,21.468867946005826,1.383078777477685,1.2966093561722458,23.21380672202646,1.4288141651809667,1.2938967481587376,24.960377682176627,1.70822550768139,1.2938967481587376,24.960377682176627,1.70822550768139,1.461215,17.387189,1.061695,1.1798166129500394,15.258877320846647,0.051451783964811204,1.7023927982299192,7.903201376770247,-0.8883956183905362,2.3822731865984266,0.4545836564859931,-1.5533752835527928,0.19907915944198207,-0.38819390369997087,-2.1363344822411916,0.19907915944198207,-0.38819390369997087,-2.1363344822411916,1.461215,17.387189,1.061695,1.094658542752875,15.235981382387624,2.072130180591475,1.974923184698258,8.180701642685053,2.898101913572205,2.3072621365162944,0.7334768334364954,3.639107763560776,0.2705712384683836,-0.01806211845024619,4.5844926237133885,0.2705712384683836,-0.01806211845024619,4.5844926237133885
0.033332,1.455559,17.388122,1.036117,1.455559,17.388122,1.036117,1.4518531135538404,19.428754634096293,1.1688813945750074,1.4665807295089108,21.468539861272838,1.3735527597451618,1.4665807295089108,21.468539861272838,1.3735527597451618,2.1188132546617524,23.346588797154254,-1.4438111699890552,-2.488947516082609,20.956375033214798,-2.1738347670485663,-2.53240062138397,24.123525584821028,-0.8212164912589706,-2.53240062138397,24.123525584821028,-0.8212164912589706,-2.53240062138397,24.123525584821028,-0.8212164912589706,-2.53240062138397,24.123525584821028,-0.8212164912589706,-2.4092006754262445,24.73373615440361,-0.8183121865721094,-2.4092006754262445,24.73373615440361,-0.8183121865721094,1.4665807295089108,21.468539861272838,1.3735527597451618,2.2134098773948714,22.59791331417056,4.6919185159658054,-1.7327009156944664,19.784090108588188,5.849889835295422,-2.3301816591249382,23.039675384330273,4.76390109354848,-2.3301816591249382,23.039675384330273,4.76390109354848,-2.3301816591249382,23.039675384330273,4.76390109354848,-2.3301816591249382,23.039675384330273,4.76390109354848,-2.3704355956410845,23.748561890203025,4.677550586969343,-2.3704355956410845,23.748561890203025,4.677550586969343,1.4665807295089108,21.468539861272838,1.3735527597451618,1.2768964098107325,23.213038843963396,1.4247637463812624,1.27339919814184,24.958989464879348,1.7080169444810323,1.27339919814184,24.958989464879348,1.7080169444810323,1.455559,17.388122,1.036117,1.1774997584937281,15.25886261565731,0.026946774616019242,1.669331259338534,7.899982404066274,-0.9043702549880882,2.3846404128726104,0.45346531543460866,-1.5555670793714256,0.20087143733061152,-0.39245140481664287,-2.131787147886583,0.20087143733061152,-0.39245140481664287,-2.131787147886583,1.455559,17.388122,1.036117,1.1059347055808066,15.234943062501038,2.0483523582357837,1.9716113428217823,8.17937770366464,2.8872020324462264,2.3060049034355328,0.7332104110820836,3.637848291075287,0.2708117957252707,-0.0172819775276859,4.5872814552145265,0.2708117957252707,-0.0172819775276859,4.5872814552145265
0.041665,1.450798,17.38909,1.008736,1.450798,17.38909,1.008736,1.4404768172536793,19.42913965979087,1.1498477435717689,1.4487868050317905,21.468034901872514,1.3635488884445974,1.4487868050317905,21.468034901872514,1.3635488884445974,2.0885376872444925,23.37431220241895,-1.4376723179454778,-2.5050530287054342,20.964217247978013,-2.1912519454016537,-2.556842252092755,24.12263332243073,-0.8186512147156917,-2.556842252092755,24.12263332243073,-0.8186512147156917,-2.556842252092755,24.12263332243073,-0.8186512147156917,-2.556842252092755,24.12263332243073,-0.8186512147156917,-2.436086364212783,24.733314400461005,-0.8131523622807132,-2.436086364212783,24.733314400461005,-0.8131523622807132,1.4487868050317905,21.468034901872514,1.3635488884445974,2.208159991006846,22.57227841175696,4.687520624124696,-1.6797231220428261,19.68475202040005,5.860911112615428,-2.3480682211757546,22.936473280436573,4.805063609852132,-2.3480682211757546,22.936473280436573,4.805063609852132,-2.3480682211757546,22.936473280436573,4.805063609852132,-2.3480682211757546,22.936473280436573,4.805063609852132,-2.4028911378618427,23.645208931242152,4.725785033406648,-2.4028911378618427,23.645208931242152,4.725785033406648,1.4487868050317905,21.468034901872514,1.3635488884445974,1.2561861719060867,23.21201358148181,1.4211923450359543,1.25167900375234,24.957175529253497,1.7092507364862999,1.25167900375234,24.957175529253497,1.7092507364862999,1.450798,17.38909,1.008736,1.1780595199990782,15.258671733035012,0.0005600527027587177,1.6318720153157333,7.896274714668353,-0.9222248444646259,2.3864032011335397,0.45241708286929505,-1.559412012913042,0.2019107315130242,-0.3973381989046144,-2.1271797601201246,0.2019107315130242,-0.3973381989046144,-2.1271797601201246,1.450798,17.38909,1.008736,1.1188971517459645,15.233875366864737,2.022604244225003,1.9615376038730938,8.177541262330042,2.8782755728433695,2.3061782354778613,0.7327062765221575,3.637453468489681,0.27234798797346693,-0.016839717868467274,4.590547624819045,0.27234798797346693,-0.016839717868467274,4.590547624819045
0.049998,1.447036,17.38995,0.979627,1.447036,17.38995,0.979627,1.4293700812675212,19.42931342902144,1.129648282107717,1.4305916933540044,21.46720286822512,1.3528884770682734,1.4305916933540044,21.46720286822512,1.3528884770682734,2.0581991055886477,23.403719228232497,-1.4302802042250327,-2.5193857206202916,20.972141484996154,-2.211729145269387,-2.5813743211847067,24.120734080471962,-0.8171578598863161,-2.5813743211847067,24.120734080471962,-0.8171578598863161,-2.5813743211847067,24.120734080471962,-0.8171578598863161,-2.5813743211847067,24.120734080471962,-0.8171578598863161,-2.463198983405442,24.731884696031948,-0.8086070972650047,-2.463198983405442,24.731884696031948,-0.8086070972650047,1.4305916933540044,21.46720286822512,1.3528884770682734,2.1965769985599235,22.54015762339706,4.685578692174159,-1.627664397379665,19.575046609331956,5.8745208353635725,-2.3671306464133632,22.820861182327505,4.848329967215863,-2.3671306464133632,22.820861182327505,4.848329967215863,-2.3671306464133632,22.820861182327505,4.848329967215863,-2.3671306464133632,22.820861182327505,4.848329967215863,-2.4366546025023057,23.529007571941307,4.775583984462991,-2.4366546025023057,23.529007571941307,4.775583984462991,1.4305916933540044,21.46720286822512,1.3528884770682734,1.2349971954449768,23.210583953126758,1.4180390111789238,1.229397741838318,24.954739557971113,1.7121105120240991,1.229397741838318,24.954739557971113,1.7121105120240991,1.447036,17.38995,0.979627,1.1816495472742206,15.258295052811546,-0.027896810257910243,1.5913300604574983,7.892242923118147,-0.9421207998563177,2.3872759804853505,0.4514963410713575,-1.5650988369090075,0.2018770006584587,-0.4025690560147167,-2.122822065734728,0.2018770006584587,-0.4025690560147167,-2.122822065734728,1.447036,17.38995,0.979627,1.133242708598808,15.232596780599586,1.9947121991898393,1.9437848473651353,8.175092388066684,2.871479294639318,2.3075380344888208,0.7319131363044349,3.637940287184472,0.27488887255194117,-0.016954581783280243,4.59408236317705,0.27488887255194117,-0.016954581783280243,4.59408236317705
0.058331,1.444131,17.390528,0.949097,1.444131,17.390528,0.949097,1.4185352131771525,19.42910143043818,1.1084233625657456,1.412160393302817,21.465873976994004,1.3415499347707995,1.412160393302817,21.465873976994004,1.3415499347707995,2.028806487462269,23.433738993779603,-1.4220110750984074,-2.5313387521194635,20.980071291499385,-2.2357099203150947,-2.6055002564124146,24.117613704291678,-0.8170363609257167,-2.6055002564124146,24.117613704291678,-0.8170363609257167,-2.6055002564124146,24.117613704291678,-0.8170363609257167,-2.6055002564124146,24.117613704291678,-0.8170363609257167,-2.4900356186112185,24.72922171166703,-0.8049052590883361,-2.4900356186112185,24.72922171166703,-0.8049052590883361,1.412160393302817,21.465873976994004,1.3415499347707995,2.177408195830154,22.501351284627575,4.686243046313773,-1.576752819544374,19.45401825801968,5.89053765129499,-2.3865562441012877,22.692184283361517,4.8936979051483265,-2.3865562441012877,22.692184283361517,4.8936979051483265,-2.3865562441012877,22.692184283361517,4.8936979051483265,-2.3865562441012877,22.692184283361517,4.8936979051483265,-2.4707026640565792,23.399310656687785,4.826701339899459,-2.4707026640565792,23.399310656687785,4.826701339899459,1.412160393302817,21.465873976994004,1.3415499347707995,1.2137234578070404,23.208592527843294,1.4152672465557081,1.207102040026052,24.95148200842426,1.7167313251899299,1.207102040026052,24.95148200842426,1.7167313251899299,1.444131,17.390528,0.949097,1.1886351820282923,15.257654829373365,-0.05840532576409385,1.5498092403131305,7.888012010406871,-0.9641015352502839,2.387269810676515,0.45061003707804304,-1.5724212872813192,0.20080147954504168,-0.4078925745504757,-2.1190300196357916,0.20080147954504168,-0.4078925745504757,-2.1190300196357916,1.444131,17.390528,0.949097,1.14815916655796,15.230891511914297,1.964679600155109,1.9180366104606967,8.172041845776805,2.866897678692894,2.3100882055888645,0.7309443632394865,3.6395942622457444,0.27833591007007197,-0.017773534125005264,4.5977577472628965,0.27833591007007197,-0.017773534125005264,4.5977577472628965
0.066664,1.441751,17.390649,0.917649,1.441751,17.390649,0.917649,1.4077927430494535,19.428354457701946,1.0862460635467288,1.393462700903832,21.463895283457543,1.3295550029105196,1.393462700903832,21.463895283457543,1.3295550029105196,2.0016279585034704,23.463031401935798,-1.4133639503661664,-2.540113354053126,20.98775715941632,-2.2637279219314648,-2.628895588661433,24.11289353673888,-0.8187547987028059,-2.628895588661433,24.11289353673888,-0.8187547987028059,-2.628895588661433,24.11289353673888,-0.8187547987028059,-2.628895588661433,24.11289353673888,-0.8187547987028059,-2.5163275222703927,24.724944426592373,-0.8024532785733961,-2.5163275222703927,24.724944426592373,-0.8024532785733961,1.393462700903832,21.463895283457543,1.3295550029105196,2.1493851143542724,22.456658979239034,4.689285797703688,-1.52644640144592,19.320858694537304,5.908018025026255,-2.405621254554579,22.54994800797008,4.940948194488863,-2.405621254554579,22.54994800797008,4.940948194488863,-2.405621254554579,22.54994800797008,4.940948194488863,-2.405621254554579,22.54994800797008,4.940948194488863,-2.5043004970136216,23.255647180058638,4.878916321864929,-2.5043004970136216,23.255647180058638,4.878916321864929,1.393462700903832,21.463895283457543,1.3295550029105196,1.1925993260695005,23.205908969866716,1.4127513244235108,1.1851833688386981,24.947239753399042,1.7230741906468066,1.1851833688386981,24.947239753399042,1.7230741906468066,1.441751,17.390649,0.917649,1.1993132275477778,15.256441853903027,-0.09025515984706589,1.5098869450064782,7.883539070245295,-0.9881505391401889,2.3865473245696744,0.4494184712819278,-1.5811587511176195,0.19882498388506953,-0.41308527622610736,-2.116331479406413,0.19882498388506953,-0.41308527622610736,-2.116331479406413,1.441751,17.390649,0.917649,1.162178089379206,15.228791311328497,1.9331525333168083,1.884680750068456,8.168702930323349,2.864393268407959,2.313927943438473,0.7302253255177673,3.6425282039363704,0.2827173455652354,-0.01921556882219566,4.601274780033706,0.2827173455652354,-0.01921556882219566,4.601274780033706
0.07499700000000001,1.439484,17.390071,0.885997,1.439484,17.390071,0.885997,1.396938845123096,19.426880734850638,1.0632473292357136,1.37447027962524,21.461062030427733,1.3170832283689078,1.37447027962524,21.461062030427733,1.3170832283689078,1.9786043496729724,23.490066466193582,-1.4047135329727756,-2.544365407775879,20.994988751381563,-2.29625566896609,-2.6503964587092272,24.10630683280631,-0.8229043186977985,-2.6503964587092272,24.10630683280631,-0.8229043186977985,-2.6503964587092272,24.10630683280631,-0.8229043186977985,-2.6503964587092272,24.10630683280631,-0.8229043186977985,-2.5409071400699923,24.718769895183925,-0.8018167103234308,-2.5409071400699923,24.718769895183925,-0.8018167103234308,1.37447027962524,21.461062030427733,1.3170832283689078,2.1114733261203362,22.4079297809581,4.69422069029765,-1.4751629941463613,19.175150453390536,5.925263632438818,-2.42305621009488,22.394030147864967,4.989580867149758,-2.42305621009488,22.394030147864967,4.989580867149758,-2.42305621009488,22.394030147864967,4.989580867149758,-2.42305621009488,22.394030147864967,4.989580867149758,-2.536284505346109,23.097919002133946,4.931990055465898,-2.536284505346109,23.097919002133946,4.931990055465898,1.37447027962524,21.461062030427733,1.3170832283689078,1.171907151733327,23.2023672158868,1.4103775862477004,1.164101268614461,24.941831993800598,1.7309856491313984,1.164101268614461,24.941831993800598,1.7309856491313984,1.439484,17.390071,0.885997,1.213710780109916,15.25410130655113,-0.12204413668461467,1.4741541395342712,7.8785562665251705,-1.0141608456864395,2.384917703903273,0.44728179546194813,-1.5912316438056373,0.19560986171499062,-0.41803443044011956,-2.1152646626350684,0.19560986171499062,-0.41803443044011956,-2.1152646626350684,1.439484,17.390071,0.885997,1.1734888156910943,15.226475050472052,1.9014457843858659,1.8445554502369872,8.165444868524848,2.863521504186484,2.318535654825491,0.7301801083408233,3.6463860644546333,0.2875260195556555,-0.02106427135262945,4.604146414239532,0.2875260195556555,-0.02106427135262945,4.604146414239532
0.08333,1.436584,17.388703,0.854948,1.436584,17.388703,0.854948,1.385385722298623,19.424604881711893,1.040161200939849,1.3547284604107566,21.457312523619755,1.3047189795495802,1.3547284604107566,21.457312523619755,1.3047189795495802,1.9618684801154629,23.513289116044092,-1.3960875357114035,-2.542446136617719,21.001482468048422,-2.333900313705259,-2.6690774068557053,24.097478020217558,-0.8302105015276169,-2.6690774068557053,24.097478020217558,-0.8302105015276169,-2.6690774068557053,24.097478020217558,-0.8302105015276169,-2.6690774068557053,24.097478020217558,-0.8302105015276169,-2.562918485286853,24.710316136541103,-0.8036901800297795,-2.562918485286853,24.710316136541103,-0.8036901800297795,1.3547284604107566,21.457312523619755,1.3047189795495802,2.062086010147473,22.35851046340819,4.700639625626509,-1.4205651510405861,19.01688476983523,5.939577724777749,-2.4380857555679607,22.22438575108146,5.038589629258884,-2.4380857555679607,22.22438575108146,5.038589629258884,-2.4380857555679607,22.22438575108146,5.038589629258884,-2.4380857555679607,22.22438575108146,5.038589629258884,-2.5662111584859075,22.92606504207545,4.985420829034669,-2.5662111584859075,22.92606504207545,4.985420829034669,1.3547284604107566,21.457312523619755,1.3047189795495802,1.151543823160881,23.19797185330692,1.4081622396425508,1.1439164420570753,24.935287760320104,1.7402216284519265,1.1439164420570753,24.935287760320104,1.7402216284519265,1.436584,17.388703,0.854948,1.2319955965972946,15.250747755493151,-0.1534060891367468,1.4455007929198365,7.873302948798937,-1.0422768664288442,2.382494907155919,0.44396481946037714,-1.6020252298415185,0.19123533747050736,-0.4223548089495096,-2.116149147972021,0.19123533747050736,-0.4223548089495096,-2.116149147972021,1.436584,17.388703,0.854948,1.180005376517517,15.223706217611364,1.8698339279833793,1.7992478654503519,8.162302676102055,2.863406327388703,2.3240123825891987,0.7309714760142763,3.6512102397006156,0.2927474790913127,-0.02325226062868979,4.606083315612825,0.2927474790913127,-0.02325226062868979,4.606083315612825
0.091663,1.432253,17.386449,0.825274,1.432253,17.386449,0.825274,1.372487678104609,19.421390277171255,1.0183122608794102,1.3336827735892987,21.452560828594805,1.2933966366903844,1.3336827735892987,21.452560828594805,1.2933966366903844,1.9539204803250554,23.53107242058827,-1.3871087884285362,-2.532259968398612,21.006927200053227,-2.377255998261303,-2.6834288035839564,24.08602173737793,-0.8414722236413577,-2.6834288035839564,24.08602173737793,-0.8414722236413577,-2.6834288035839564,24.08602173737793,-0.8414722236413577,-2.6834288035839564,24.08602173737793,-0.8414722236413577,-2.5808791453896887,24.699180401757882,-0.8088590238591699,-2.5808791453896887,24.699180401757882,-0.8088590238591699,1.3336827735892987,21.452560828594805,1.2933966366903844,1.9993093152568153,22.312627157112882,4.7083661360969575,-1.3594024368940116,18.846551508350455,5.947585230131598,-2.4498427359313357,22.04102248766354,5.086489770753316,-2.4498427359313357,22.04102248766354,5.086489770753316,-2.4498427359313357,22.04102248766354,5.086489770753316,-2.4498427359313357,22.04102248766354,5.086489770753316,-2.593724940885981,22.74001214578152,5.038445660380704,-2.593724940885981,22.74001214578152,5.038445660380704,1.3336827735892987,21.452560828594805,1.2933966366903844,1.1313262310750891,23.192731590731515,1.4062547564967731,1.1245944177571978,24.927685559667374,1.7504604853322572,1.1245944177571978,24.927685559667374,1.7504604853322572,1.432253,17.386449,0.825274,1.2538721579723207,15.247142203691798,-0.18518813084263563,1.4265936511746773,7.86850704162679,-1.0730383627645828,2.3794513894892244,0.4397377929584394,-1.6132150200477013,0.18579490278262112,-0.42541167611611197,-2.119020534044993,0.18579490278262112,-0.42541167611611197,-2.119020534044993,1.432253,17.386449,0.825274,1.179909673336764,15.219646988187444,1.8373653949311062,1.7507780729456783,8.158682763271717,2.862529203201846,2.3303573962697097,0.7321050680883348,3.656712905804663,0.2983334544703693,-0.025969077812792896,4.6069104818226965,0.2983334544703693,-0.025969077812792896,4.6069104818226965
0.099996,1.425685,17.383368,0.797729,1.425685,17.383368,0.797729,1.357577001644954,19.417261677059198,0.9988744110306329,1.3107410561983435,21.44687010116851,1.2840534467233504,1.3107410561983435,21.44687010116851,1.2840534467233504,1.957479294340191,23.542119213282504,-1.3770882996912794,-2.5112472765618583,21.011066941420896,-2.426741976681075,-2.6916009493627038,24.0716485770452,-0.8574683889066197,-2.6916009493627038,24.0716485770452,-0.8574683889066197,-2.6916009493627038,24.0716485770452,-0.8574683889066197,-2.6916009493627038,24.0716485770452,-0.8574683889066197,-2.5929853497964044,24.685057220428217,-0.8181186666053882,-2.5929853497964044,24.685057220428217,-0.8181186666053882,1.3107410561983435,21.44687010116851,1.2840534467233504,1.9205313435961222,22.275068487705006,4.7172782721948305,-1.2877212333194383,18.66557046884084,5.945662761892708,-2.4577079262329455,21.844113566588337,5.131300933362502,-2.4577079262329455,21.844113566588337,5.131300933362502,-2.4577079262329455,21.844113566588337,5.131300933362502,-2.4577079262329455,21.844113566588337,5.131300933362502,-2.618914983449003,22.539738389209052,5.089885254475881,-2.618914983449003,22.539738389209052,5.089885254475881,1.3107410561983435,21.44687010116851,1.2840534467233504,1.111085342078369,23.186824469690997,1.4047837170732345,1.1061528011555382,24.919305436021773,1.761257484329146,1.1061528011555382,24.919305436021773,1.761257484329146,1.425685,17.383368,0.797729,1.2783714908980939,15.243884395277263,-0.2173550588634433,1.4194245542033292,7.864700083788911,-1.1062366785498967,2.375839848675795,0.4348677587954324,-1.625084100709031,0.17902610875134606,-0.426682336149787,-2.123273251011444,0.17902610875134606,-0.426682336149787,-2.123273251011444,1.425685,17.383368,0.797729,1.17214217946322,15.213938072243572,1.803873587675643,1.701396966941552,8.154252454409779,2.8597124467265767,2.3370398409260473,0.733137035917987,3.662021794968342,0.304196101552467,-0.029150928272159482,4.607080806427669,0.304196101552467,-0.029150928272159482,4.607080806427669
0.10832900000000001,1.416127,17.37963,0.772968,1.416127,17.37963,0.772968,1.339912727559375,19.41237845372291,0.9826028586554093,1.2851332129433908,21.44040474345509,1.2774581050621248,1.2851332129433908,21.44040474345509,1.2774581050621248,1.9750045561136167,23.54543011419752,-1.3650710439546312,-2.476772952318515,21.013561807501247,-2.482584132452823,-2.6919830287324467,24.05398126867324,-0.878888054002636,-2.6919830287324467,24.05398126867324,-0.878888054002636,-2.6919830287324467,24.05398126867324,-0.878888054002636,-2.6919830287324467,24.05398126867324,-0.878888054002636,-2.597708861146725,24.667556067572132,-0.8321767236618752,-2.597708861146725,24.667556067572132,-0.8321767236618752,1.2851332129433908,21.44040474345509,1.2774581050621248,1.8214475671418817,22.25035317648394,4.7272609854619265,-1.2015472955034736,18.476149208227145,5.930247047897581,-2.461572629201573,21.63370673107814,5.1704069845118115,-2.461572629201573,21.63370673107814,5.1704069845118115,-2.461572629201573,21.63370673107814,5.1704069845118115,-2.461572629201573,21.63370673107814,5.1704069845118115,-2.642421940878735,22.324960543238635,5.137871446411479,-2.642421940878735,22.324960543238635,5.137871446411479,1.2851332129433908,21.44040474345509,1.2774581050621248,1.0904803951144204,23.18052753310257,1.403800355955148,1.08834317230715,24.910525639455226,1.7721618084646331,1.08834317230715,24.910525639455226,1.7721618084646331,1.416127,17.37963,0.772968,1.3047261591258612,15.241325034936233,-0.2491517290123021,1.4254780228615747,7.862158998129326,-1.1411692131682,2.3717475731052398,0.42952117605855644,-1.637969157516799,0.17085048399404057,-0.42583916933771115,-2.1287463841333447,0.17085048399404057,-0.42583916933771115,-2.1287463841333447,1.416127,17.37963,0.772968,1.1554420655937023,15.206681755927441,1.7696506968276164,1.6532452383242149,8.149060055214104,2.854194508685674,2.3440242308825185,0.7339280434637754,3.666190715484468,0.3106051307165334,-0.03256899328355933,4.6065960535901755,0.3106051307165334,-0.03256899328355933,4.6065960535901755
0.116662,1.402255,17.375407,0.75111,1.402255,17.375407,0.75111,1.31818952007699,19.406894214792942,0.9697749414472621,1.2557102168716636,21.433290482140432,1.274152252939328,1.2557102168716636,21.433290482140432,1.274152252939328,2.0086714714174407,23.54057814213451,-1.3492811180822288,-2.42584267288437,21.014062431549455,-2.5448221161889797,-2.6826562180169224,24.03259039823659,-0.9062731525433716,-2.6826562180169224,24.03259039823659,-0.9062731525433716,-2.6826562180169224,24.03259039823659,-0.9062731525433716,-2.6826562180169224,24.03259039823659,-0.9062731525433716,-2.5932299823295066,24.646231512707896,-0.8515819110033148,-2.5932299823295066,24.646231512707896,-0.8515819110033148,1.2557102168716636,21.433290482140432,1.274152252939328,1.6957852096895125,22.24208534873559,4.737817122519769,-1.0968993636441444,18.281710779357105,5.898263219537808,-2.4618776229252664,21.409928970746385,5.200928599465728,-2.4618776229252664,21.409928970746385,5.200928599465728,-2.4618776229252664,21.409928970746385,5.200928599465728,-2.4618776229252664,21.409928970746385,5.200928599465728,-2.665671074873387,22.09522472987038,5.180076283773271,-2.665671074873387,22.09522472987038,5.180076283773271,1.2557102168716636,21.433290482140432,1.274152252939328,1.0690835876641336,23.174084733056205,1.4033237828877918,1.0709993852846063,24.90167582140813,1.7828149376812643,1.0709993852846063,24.90167582140813,1.7828149376812643,1.402255,17.375407,0.75111,1.3330905494955188,15.239531287997155,-0.27978195993700405,1.445079545488664,7.860828444433355,-1.1767604516300567,2.3673813370971075,0.4237570152333614,-1.6518069784808715,0.16148526886247705,-0.4228092545886992,-2.1353353545319167,0.16148526886247705,-0.4228092545886992,-2.1353353545319167,1.402255,17.375407,0.75111,1.1288774553680463,15.198070171384002,1.7347289086447208,1.6090007710464382,8.14327478280682,2.8453192813979453,2.351759290927278,0.734441693789667,3.6688472094787,0.3182112123670926,-0.03625713952375409,4.605532143014791,0.3182112123670926,-0.03625713952375409,4.605532143014791
0.124995,1.383992,17.370979,0.732609,1.383992,17.370979,0.732609,1.292165096510368,19.401078015604995,0.9608357995550382,1.2220595722254302,21.425792779672047,1.2745974655272059,1.2220595722254302,21.425792779672047,1.2745974655272059,2.0603230348092056,23.52729162215491,-1.327523124941315,-2.355560580040306,21.012518023723544,-2.613369639396355,-2.6617706412787845,24.00725436082886,-0.9400207043211337,-2.6617706412787845,24.00725436082886,-0.9400207043211337,-2.6617706412787845,24.00725436082886,-0.9400207043211337,-2.6617706412787845,24.00725436082886,-0.9400207043211337,-2.577801968971399,24.62083542527528,-0.8766871403622553,-2.577801968971399,24.62083542527528,-0.8766871403622553,1.2220595722254302,21.425792779672047,1.2745974655272059,1.5355379822650603,22.25064368960855,4.748232697832973,-0.9711068738768331,18.086927143844566,5.848453171969228,-2.4596321204727243,21.17301297948757,5.219519885451282,-2.4596321204727243,21.17301297948757,5.219519885451282,-2.4596321204727243,21.17301297948757,5.219519885451282,-2.4596321204727243,21.17301297948757,5.219519885451282,-2.6902072257959855,21.850060299866385,5.213281746864166,-2.6902072257959855,21.850060299866385,5.213281746864166,1.2220595722254302,21.425792779672047,1.2745974655272059,1.047037650558023,23.16781496441171,1.4034595689971145,1.0542332433697403,24.893154742148674,1.792996537977794,1.0542332433697403,24.893154742148674,1.792996537977794,1.383992,17.370979,0.732609,1.36315904573001,15.239087490459143,-0.30858819120058845,1.47834040239787,7.861203201524813,-1.2118734604107788,2.362583972992426,0.4182264353189815,-1.6663527295555618,0.15100959620244536,-0.4172569189991159,-2.1431733919469766,0.15100959620244536,-0.4172569189991159,-2.1431733919469766,1.383992,17.370979,0.732609,1.091363803556464,15.188286138530334,1.6986616464616533,1.5696389547283516,8.137123534297118,2.832868927973526,2.360650986852661,0.734823205789751,3.6700941185371407,0.32721230165092763,-0.039968694844193076,4.603634566743368,0.32721230165092763,-0.039968694844193076,4.603634566743368
0.133328,1.361371,17.366666,0.717531,1.361371,17.366666,0.717531,1.2618488340196947,19.395255753222347,0.9557338904104271,1.1842398663196012,21.418245500658895,1.2787205361082576,1.1842398663196012,21.418245500658895,1.2787205361082576,2.131411376049892,23.506027389379554,-1.2969439415140203,-2.2627987105880467,21.009280990095906,-2.6878755509591175,-2.627085847274541,23.978056662813984,-0.9802535564819821,-2.627085847274541,23.978056662813984,-0.9802535564819821,-2.627085847274541,23.978056662813984,-0.9802535564819821,-2.627085847274541,23.978056662813984,-0.9802535564819821,-2.5493260807733025,24.59141905444254,-0.9075652070071943,-2.5493260807733025,24.59141905444254,-0.9075652070071943,1.1842398663196012,21.418245500658895,1.2787205361082576,1.332881855282578,22.271935387372412,4.7563502749879145,-0.8233474290328346,17.898351553037116,5.782375965456529,-2.4561865890425265,20.924263163559296,5.223014296725174,-2.4561865890425265,20.924263163559296,5.223014296725174,-2.4561865890425265,20.924263163559296,5.223014296725174,-2.4561865890425265,20.924263163559296,5.223014296725174,-2.7177116013833307,21.5899085561142,5.233865420656296,-2.7177116013833307,21.5899085561142,5.233865420656296,1.1842398663196012,21.418245500658895,1.2787205361082576,1.0251380598229072,23.162036002476224,1.4042621939002053,1.0389391015192546,24.885306930386037,1.8026778257081806,1.0389391015192546,24.885306930386037,1.8026778257081806,1.361371,17.366666,0.717531,1.395050734208415,15.240454874047499,-0.3348847613697422,1.5237658080356944,7.863658181318528,-1.245198216896227,2.356532481440908,0.41365439006974825,-1.681414239692775,0.1388238879852035,-0.4088939579622274,-2.152194881990852,0.1388238879852035,-0.4088939579622274,-2.152194881990852,1.361371,17.366666,0.717531,1.042876813503034,15.177621026360963,1.660759848770705,1.5360062452601413,8.13099909459233,2.816618864071523,2.370617227341239,0.7353733229129311,3.6703402249153987,0.33743148756377783,-0.043611876529046856,4.600937318622402,0.33743148756377783,-0.043611876529046856,4.600937318622402
0.141661,1.334093,17.362674,0.705539,1.334093,17.362674,0.705539,1.2268368271918246,19.389662735598016,0.9538018537524149,1.1418082030544123,21.41090163667456,1.2857573948301102,1.1418082030544123,21.41090163667456,1.2857573948301102,2.221350180231042,23.47802390904808,-1.2542444192580033,-2.145325809879572,21.00431970587824,-2.767665683351831,-2.577580147703001,23.944627720236422,-1.026961240594861,-2.577580147703001,23.944627720236422,-1.026961240594861,-2.577580147703001,23.944627720236422,-1.026961240594861,-2.577580147703001,23.944627720236422,-1.026961240594861,-2.5070592401187466,24.557581441040654,-0.944147361047167,-2.5070592401187466,24.557581441040654,-0.944147361047167,1.1418082030544123,21.41090163667456,1.2857573948301102,1.0816548656081744,22.296711566141603,4.758006206357255,-0.656032655700947,17.723381855422936,5.704254818163089,-2.454971935715847,20.66511698704383,5.209075905236793,-2.454971935715847,20.66511698704383,5.209075905236793,-2.454971935715847,20.66511698704383,5.209075905236793,-2.454971935715847,20.66511698704383,5.209075905236793,-2.7519371955176806,21.315152344390718,5.238444873038444,-2.7519371955176806,21.315152344390718,5.238444873038444,1.1418082030544123,21.41090163667456,1.2857573948301102,1.0034676497255284,23.156856203490584,1.4056904962613959,1.0251555894223212,24.87820430677138,1.8119890515176376,1.0251555894223212,24.87820430677138,1.8119890515176376,1.334093,17.362674,0.705539,1.4289510176868478,15.243829679840202,-0.35794006176242565,1.579233854222706,7.868342789994992,-1.2755324604690454,2.3496879544776608,0.41078466719850937,-1.696921312970525,0.1256983008083039,-0.3977503917242774,-2.162316502421791,0.1256983008083039,-0.3977503917242774,-2.162316502421791,1.334093,17.362674,0.705539,0.9840559347557691,15.166319722319534,1.620164084102733,1.5088994042266162,8.125393955133639,2.796587061832896,2.38256215676037,0.7366172353287084,3.670307948503136,0.349772215742564,-0.047280423731029475,4.597638881890719,0.349772215742564,-0.047280423731029475,4.597638881890719
0.14999400000000002,1.303368,17.359351,0.696584,1.303368,17.359351,0.696584,1.188471234514141,19.38475563477994,0.9541814846399445,1.096012121459548,21.40431332726978,1.2942830614052716,1.096012121459548,21.40431332726978,1.2942830614052716,2.329186701637433,23.445122056840624,-1.1965791927369622,-2.0011650848549443,20.998291050294647,-2.851446873437588,-2.5114045006375703,23.907449371709475,-1.0797921134957278,-2.5114045006375703,23.907449371709475,-1.0797921134957278,-2.5114045006375703,23.907449371709475,-1.0797921134957278,-2.5114045006375703,23.907449371709475,-1.0797921134957278,-2.449346931951731,24.51975416593997,-0.986115552760625,-2.449346931951731,24.51975416593997,-0.986115552760625,1.096012121459548,21.40431332726978,1.2942830614052716,0.785446297839505,22.310749362527034,4.7477902711105475,-0.4767038107054008,17.56997909955,5.620924520337295,-2.459839326995112,20.3991766465498,5.175946950474886,-2.459839326995112,20.3991766465498,5.175946950474886,-2.459839326995112,20.3991766465498,5.175946950474886,-2.459839326995112,20.3991766465498,5.175946950474886,-2.7960878026599567,21.028658222065747,5.223767200359531,-2.7960878026599567,21.028658222065747,5.223767200359531,1.096012121459548,21.40431332726978,1.2942830614052716,0.9831921444473426,23.152552543304903,1.4074674384361234,1.0137414326187064,24.872070443006855,1.820883825383722,1.0137414326187064,24.872070443006855,1.820883825383722,1.303368,17.359351,0.696584,1.4648035758261273,15.24963044519983,-0.37696373853394893,1.641506157692307,7.875639719374966,-1.3018445829732443,2.3409311376839277,0.41050744024026464,-1.7128749868181365,0.11073280728984436,-0.38358363357634384,-2.173403354122726,0.11073280728984436,-0.38358363357634384,-2.173403354122726,1.303368,17.359351,0.696584,0.9163932926839449,15.154854146691152,1.5760618588736837,1.4874714985687505,8.121010595009988,2.7731340882051914,2.3958731384911767,0.7393165259349761,3.670962211661477,0.36353437848160874,-0.05079618378528694,4.5939975385592495,0.36353437848160874,-0.05079618378528694,4.5939975385592495
0.158327,1.270214,17.35682,0.690526,1.270214,17.35682,0.690526,1.1478632412159335,19.380788808757835,0.9558601636509511,1.0476984393837396,21.39885027917223,1.302596313342333,1.0476984393837396,21.39885027917223,1.302596313342333,2.4514744377723368,23.40954611959041,-1.1215591620084375,-1.8301866617631735,20.991200750154082,-2.9371856414502413,-2.428202486863143,23.866681099287206,-1.1382145956634415,-2.428202486863143,23.866681099287206,-1.1382145956634415,-2.428202486863143,23.866681099287206,-1.1382145956634415,-2.428202486863143,23.866681099287206,-1.1382145956634415,-2.3760281037870548,24.478053837616322,-1.0331203071478938,-2.3760281037870548,24.478053837616322,-1.0331203071478938,1.0476984393837396,21.39885027917223,1.302596313342333,0.4587106025033344,22.301060598837058,4.7207682416392736,-0.29893165241973474,17.444300513753205,5.538171868675137,-2.477344094858399,20.130719728728895,5.122405942175834,-2.477344094858399,20.130719728728895,5.122405942175834,-2.477344094858399,20.130719728728895,5.122405942175834,-2.477344094858399,20.130719728728895,5.122405942175834,-2.85558293196807,20.73434129496598,5.187006673405532,-2.85558293196807,20.73434129496598,5.187006673405532,1.0476984393837396,21.39885027917223,1.302596313342333,0.9641247568584157,23.149148225011217,1.4091418307561447,1.003878245169348,24.866928784327655,1.8289486739609881,1.003878245169348,24.866928784327655,1.8289486739609881,1.270214,17.35682,0.690526,1.5024975200155994,15.257886942513906,-0.39114465131732246,1.7075638664191106,7.885554720196732,-1.3233640465009895,2.3308814464777323,0.4134004007017058,-1.7292288768837747,0.09478236485522284,-0.3666622104160524,-2.185095988444935,0.09478236485522284,-0.3666622104160524,-2.185095988444935,1.270214,17.35682,0.690526,0.8421203636809557,15.143545135500695,1.5278952837205864,1.4710334671339225,8.118436247902872,2.747067451504632,2.411194352088582,0.7442708954145525,3.673608909110318,0.3794289429807267,-0.054246650289186404,4.590654270996015,0.3794289429807267,-0.054246650289186404,4.590654270996015
0.16666,1.23678,17.355439,0.68739,1.23678,17.355439,0.68739,1.1074978067864754,19.37825500596302,0.9581725436355085,0.9992586936899639,21.39513987255249,1.3093004017135175,0.9992586936899639,21.39513987255249,1.3093004017135175,2.5848941079271506,23.37293356390759,-1.0282425460315787,-1.6329640511892367,20.983468269169112,-3.0226456559408295,-2.3271593138210855,23.82314992956306,-1.2014899805902075,-2.3271593138210855,23.82314992956306,-1.2014899805902075,-2.3271593138210855,23.82314992956306,-1.2014899805902075,-2.3271593138210855,23.82314992956306,-1.2014899805902075,-2.2863456094434684,24.433267236642482,-1.0847222023415533,-2.2863456094434684,24.433267236642482,-1.0847222023415533,0.9992586936899639,21.39513987255249,1.3093004017135175,0.12485831393932212,22.2620649678343,4.67510703896447,-0.1402023931627875,17.348315075924532,5.459386212031872,-2.5141976689001297,19.864170273308837,5.047306935470718,-2.5141976689001297,19.864170273308837,5.047306935470718,-2.5141976689001297,19.864170273308837,5.047306935470718,-2.5141976689001297,19.864170273308837,5.047306935470718,-2.9353783732970733,20.43691137233859,5.12586465517978,-2.9353783732970733,20.43691137233859,5.12586465517978,0.9992586936899639,21.39513987255249,1.3093004017135175,0.9469447530148045,23.14699240817274,1.4100741679026587,0.99548711335541,24.863224494297626,1.8352555894252716,0.99548711335541,24.863224494297626,1.8352555894252716,1.23678,17.355439,0.68739,1.5416123416457002,15.268674537778798,-0.3997982698490885,1.7735986551495082,7.898132130602501,-1.3398273001256724,2.3189523180342744,0.4199077925653887,-1.7461416770157316,0.07731301763259868,-0.3469741084935315,-2.197137242651295,0.07731301763259868,-0.3469741084935315,-2.197137242651295,1.23678,17.355439,0.68739,0.7641654316916293,15.133183822239747,1.4755869927248113,1.4580493869076612,8.118496662011683,2.7192736292314823,2.427600079228976,0.7524299021005172,3.6793403725629332,0.39664075687698386,-0.05752565597664061,4.588102920807224,0.39664075687698386,-0.05752565597664061,4.588102920807224
0.174993,1.204258,17.355271,0.687195,1.204258,17.355271,0.687195,1.0689595741437923,19.377289444960347,0.9609785086358791,0.9526338742357651,21.39342203589367,1.313836483914024,0.9526338742357651,21.39342203589367,1.313836483914024,2.725200606417798,23.336603373089222,-0.9159769736954735,-1.411302462105728,20.97489114825216,-3.1043949733359977,-2.2086955126870524,23.777759524309,-1.2685300060017755,-2.2086955126870524,23.777759524309,-1.2685300060017755,-2.2086955126870524,23.777759524309,-1.2685300060017755,-2.2086955126870524,23.777759524309,-1.2685300060017755,-2.180671209974915,24.38627190740946,-1.140190927888759,-2.180671209974915,24.38627190740946,-1.140190927888759,0.9526338742357651,21.39342203589367,1.313836483914024,-0.19690185987065767,22.20078621284279,4.611035317180177,-0.017477638828677977,17.28136884911398,5.383970469923901,-2.577831777229969,19.6033059453191,4.949936967947477,-2.577831777229969,19.6033059453191,4.949936967947477,-2.577831777229969,19.6033059453191,4.949936967947477,-2.577831777229969,19.6033059453191,4.949936967947477,-3.0419765614272283,20.14025860760703,5.0385277426612385,-3.0419765614272283,20.14025860760703,5.0385277426612385,0.9526338742357651,21.39342203589367,1.313836483914024,0.9320590945049705,23.146196243408482,1.4099544469066596,0.9885865307866176,24.861227266689955,1.8389782382394126,0.9885865307866176,24.861227266689955,1.8389782382394126,1.204258,17.355271,0.687195,1.5820295579313919,15.281763404623705,-0.402457198334363,1.8368142745450524,7.913097334667157,-1.3512525930592818,2.3052731816471694,0.42998204350743574,-1.7634091556277576,0.058564382417270355,-0.325008916550494,-2.2092116064888474,0.058564382417270355,-0.325008916550494,-2.2092116064888474,1.204258,17.355271,0.687195,0.6855746112700245,15.124161721425354,1.419421763997136,1.4462425362004918,8.121448691921822,2.691216512926161,2.4446005667623827,0.7643132194789244,3.6894825551388513,0.41470106111770777,-0.06066564826221743,4.587029773375333,0.41470106111770777,-0.06066564826221743,4.587029773375333
0.183326,1.173802,17.356529,0.689429,1.173802,17.356529,0.689429,1.0337945324765783,19.378122398988335,0.9639826443110273,0.9099495424950887,21.39395676558378,1.3159844458820265,0.9099495424950887,21.39395676558378,1.3159844458820265,2.868345234131245,23.300810847019378,-0.7860641767938008,-1.1681096820070969,20.96617296615236,-3.1806441577514972,-2.073582031654114,23.731677489787966,-1.3382512727577132,-2.073582031654114,23.731677489787966,-1.3382512727577132,-2.073582031654114,23.731677489787966,-1.3382512727577132,-2.073582031654114,23.731677489787966,-1.3382512727577132,-2.059597767805331,24.338193088626173,-1.1986558945013408,-2.059597767805331,24.338193088626173,-1.1986558945013408,0.9099495424950887,21.39395676558378,1.3159844458820265,-0.4961624222311294,22.12955352175505,4.529477252667826,0.05358017362057721,17.239510218140644,5.314046285374401,-2.6737410606977283,19.351906309255128,4.829596171657084,-2.6737410606977283,19.351906309255128,4.829596171657084,-2.6737410606977283,19.351906309255128,4.829596171657084,-2.6737410606977283,19.351906309255128,4.829596171657084,-3.179213075620132,19.84926808778441,4.92301014806573,-3.179213075620132,19.84926808778441,4.92301014806573,0.9099495424950887,21.39395676558378,1.3159844458820265,0.9202614702732588,23.147008715677387,1.408623159811465,0.9834946656457957,24.86124224325861,1.8398923927964042,0.9834946656457957,24.86124224325861,1.8398923927964042,1.173802,17.356529,0.689429,1.6231165189712269,15.296741242425298,-0.3990919544088015,1.8949255564365888,7.930009923906118,-1.3581316466535103,2.2906212400045036,0.44328169512742477,-1.7808213613544854,0.03932615276570406,-0.30120121359594965,-2.221124929694817,0.03932615276570406,-0.30120121359594965,-2.221124929694817,1.173802,17.356529,0.689429,0.6093322587469145,15.117229658527744,1.360211733149567,1.434066755620234,8.127685819363018,2.6641125265619907,2.462127847650733,0.7805591863670305,3.7050336752923387,0.43377200233885826,-0.06371991256615961,4.588005085981107,0.43377200233885826,-0.06371991256615961,4.588005085981107
0.191659,1.146325,17.359213,0.693618,1.146325,17.359213,0.693618,1.0033723766376017,19.38074714285966,0.9670881485107019,0.8734106315181875,21.396731604190983,1.3160116929673211,0.8734106315181875,21.396731604190983,1.3160116929673211,3.011109658791554,23.265560408633274,-0.6404484659629073,-0.906247871734486,20.95810043093173,-3.2495582833789003,-1.9226647016832223,23.68635815548957,-1.4095002394337033,-1.9226647016832223,23.68635815548957,-1.4095002394337033,-1.9226647016832223,23.68635815548957,-1.4095002394337033,-1.9226647016832223,23.68635815548957,-1.4095002394337033,-1.9237112245379393,24.290445087001235,-1.2590958350210086,-1.9237112245379393,24.290445087001235,-1.2590958350210086,0.8734106315181875,21.396731604190983,1.3160116929673211,-0.7715795183905845,22.06242209170222,4.429796053811881,0.06139728778204767,17.21896924917258,5.25284113311798,-2.8062471306474386,19.113999675761807,4.686567837481261,-2.8062471306474386,19.113999675761807,4.686567837481261,-2.8062471306474386,19.113999675761807,4.686567837481261,-2.8062471306474386,19.113999675761807,4.686567837481261,-3.3506690712227236,19.56879479045251,4.778017396658493,-3.3506690712227236,19.56879479045251,4.778017396658493,0.8734106315181875,21.396731604190983,1.3160116929673211,0.9131518068380956,23.149475789848687,1.406498518126031,0.98174710720698,24.86327797927875,1.8386615841925575,0.98174710720698,24.86327797927875,1.8386615841925575,1.146325,17.359213,0.693618,1.6645215194196374,15.313066250086663,-0.3900068688916568,1.9464555024837848,7.948292822393755,-1.361085234082661,2.274751866632193,0.45911976574625335,-1.7979486742697048,0.01936735640708731,-0.27609020905331205,-2.2328723543468927,0.01936735640708731,-0.27609020905331205,-2.2328723543468927,1.146325,17.359213,0.693618,0.5380447384472962,15.112775689533176,1.2990530816957628,1.418919669558557,8.136946610733435,2.6391782132083716,2.4789409394480186,0.8011292688690732,3.7267604134507364,0.4526259597735298,-0.06673192424357,4.5913630371084935,0.4526259597735298,-0.06673192424357,4.5913630371084935
0.199992,1.122513,17.363339,0.698999,1.122513,17.363339,0.698999,0.9786843044353971,19.38514404031442,0.9699959569781067,0.8446473057151617,21.401657002440103,1.314293212199764,0.8446473057151617,21.401657002440103,1.314293212199764,3.150606491886986,23.230731544672683,-0.48210683669426,-0.6290233706306685,20.951707914607457,-3.3101741990406897,-1.7571968013464907,23.64323385946325,-1.4811799980397604,-1.7571968013464907,23.64323385946325,-1.4811799980397604,-1.7571968013464907,23.64323385946325,-1.4811799980397604,-1.7571968013464907,23.64323385946325,-1.4811799980397604,-1.7739626153116892,24.24442821306512,-1.32046952053653,-1.7739626153116892,24.24442821306512,-1.32046952053653,0.8446473057151617,21.401657002440103,1.314293212199764,-1.0258817252170829,22.010557504704533,4.310148814040714,-0.003125777327172008,17.216530051242266,5.205447672805691,-2.978240264927087,18.89478843809832,4.521830202124603,-2.978240264927087,18.89478843809832,4.521830202124603,-2.978240264927087,18.89478843809832,4.521830202124603,-2.978240264927087,18.89478843809832,4.521830202124603,-3.5584659119294484,19.30513762755208,4.602753677552512,-3.5584659119294484,19.30513762755208,4.602753677552512,0.8446473057151617,21.401657002440103,1.314293212199764,0.9120117281488797,23.1535814561611,1.4043051555437494,0.984573651663301,24.867182731400934,1.8366170940236974,0.984573651663301,24.867182731400934,1.8366170940236974,1.122513,17.363339,0.698999,1.7058826399745346,15.330126023712157,-0.3758088282235915,1.9909860453799355,7.967322827807119,-1.3608026099282124,2.2580408510032433,0.47670384281506006,-1.8142893164257705,-0.0009476802595966838,-0.250171304995631,-2.244492685331851,-0.0009476802595966838,-0.250171304995631,-2.244492685331851,1.122513,17.363339,0.698999,0.4738274835055323,15.111138043345832,1.2373623123981963,1.3988418812185728,8.14880153229559,2.617321014649924,2.49427393145565,0.8258097999891874,3.755089409353098,0.47055584918482785,-0.06962086273760626,4.597373325819962,0.47055584918482785,-0.06962086273760626,4.597373325819962
0.208325,1.102622,17.368761,0.704616,1.102622,17.368761,0.704616,0.9600645116945143,19.391101643636397,0.972267544035058,0.8242796022138857,21.408397972036635,1.311249881598918,0.8242796022138857,21.408397972036635,1.311249881598918,3.284082639912792,23.196047779053956,-0.3146934655685585,-0.3403803510330792,20.947729376654134,-3.361962406553919,-1.57928960390439,23.603423160983837,-1.5523488080411234,-1.57928960390439,23.603423160983837,-1.5523488080411234,-1.57928960390439,23.603423160983837,-1.5523488080411234,-1.57928960390439,23.603423160983837,-1.5523488080411234,-1.6121708047164873,24.201261655546876,-1.3819036205122406,-1.6121708047164873,24.201261655546876,-1.3819036205122406,0.8242796022138857,21.408397972036635,1.311249881598918,-1.2624368607532142,21.980504992718107,4.168363359283878,-0.147103952498985,17.229728822826875,5.176553464055184,-3.1915518505992226,18.699965820866552,4.336952106893156,-3.1915518505992226,18.699965820866552,4.336952106893156,-3.1915518505992226,18.699965820866552,4.336952106893156,-3.1915518505992226,18.699965820866552,4.336952106893156,-3.8035263052614816,19.065300857040583,4.397072367908474,-3.8035263052614816,19.065300857040583,4.397072367908474,0.8242796022138857,21.408397972036635,1.311249881598918,0.9171961663986103,23.159065761510348,1.40294617323237,0.9922247230155625,24.87251293568704,1.835447817619855,0.9922247230155625,24.87251293568704,1.835447817619855,1.102622,17.368761,0.704616,1.7467338665719763,15.347157827858949,-0.35732916295824213,2.0289662229319982,7.986341959114631,-1.3578801346060159,2.241383032795288,0.4950779103249916,-1.8292433604726075,-0.02074598373876313,-0.224031951977692,-2.2559808933821235,-0.02074598373876313,-0.224031951977692,-2.2559808933821235,1.102622,17.368761,0.704616,0.4180402690945937,15.112327118317156,1.1767294354201896,1.3726874722693405,8.162512667353306,2.5989794709781773,2.507884043732891,0.8540486013423587,3.7899362074149465,0.4874326365712238,-0.07240714262667058,4.60610347578904,0.4874326365712238,-0.07240714262667058,4.60610347578904
0.21665800000000002,1.087055,17.375281,0.709676,1.087055,17.375281,0.709676,0.9479490208846243,19.398347888008445,0.9736297054450597,0.8127936780449835,21.41655698324483,1.3073902852129788,0.8127936780449835,21.41655698324483,1.3073902852129788,3.4101097578492263,23.16104681893062,-0.14199543976822326,-0.04380046272376914,20.946761802782373,-3.404657185258058,-1.3905482253634593,23.568115102529863,-1.6222194358182802,-1.3905482253634593,23.568115102529863,-1.6222194358182802,-1.3905482253634593,23.568115102529863,-1.6222194358182802,-1.3905482253634593,23.568115102529863,-1.6222194358182802,-1.4395792463441008,24.162184840859066,-1.4427181659535033,-1.4395792463441008,24.162184840859066,-1.4427181659535033,0.8127936780449835,21.41655698324483,1.3073902852129788,-1.4807423835590119,21.975254814564632,4.0041176595874415,-0.37543876755887573,17.257756296375902,5.167647052144488,-3.44641203363907,18.53660516072758,4.133790652654127,-3.44641203363907,18.53660516072758,4.133790652654127,-3.44641203363907,18.53660516072758,4.133790652654127,-3.44641203363907,18.53660516072758,4.133790652654127,-4.0847081808129975,18.858159924076812,4.161673089246677,-4.0847081808129975,18.858159924076812,4.161673089246677,0.8127936780449835,21.41655698324483,1.3073902852129788,0.9290286598549898,23.165611000694096,1.4031967565404395,1.0049688505933743,24.878810317715907,1.836520380390585,1.0049688505933743,24.878810317715907,1.836520380390585,1.087055,17.375281,0.709676,1.786624244909759,15.363425916148916,-0.33556512268841154,2.0609596935822307,8.004609463947592,-1.3528792766314364,2.2247472011772436,0.5132935345335783,-1.8424714932399837,-0.040153084257724014,-0.19803383060241186,-2.2675499332311113,-0.040153084257724014,-0.19803383060241186,-2.2675499332311113,1.087055,17.375281,0.709676,0.37130912577510455,15.116195117625423,1.1186697948012354,1.3396392298266937,8.177235493431809,2.584017361898633,2.518605355602501,0.8849777529072247,3.8304972566953586,0.5021138797426032,-0.07496156496403927,4.617232140877586,0.5021138797426032,-0.07496156496403927,4.617232140877586
0.224991,1.075913,17.382558,0.713661,1.075913,17.382558,0.713661,0.9423245034932022,19.406460366185534,0.9740357129612202,0.8099690993998239,21.425597700801834,1.3032734908146442,0.8099690993998239,21.425597700801834,1.3032734908146442,3.527723797774323,23.125222903569274,0.032408370284114474,0.2570547677802719,20.948852970109275,-3.437988382101568,-1.1929262649283243,23.538193612728115,-1.6900819114437267,-1.1929262649283243,23.538193612728115,-1.6900819114437267,-1.1929262649283243,23.538193612728115,-1.6900819114437267,-1.1929262649283243,23.538193612728115,-1.6900819114437267,-1.2577749077995075,24.128201665975368,-1.5023886736295946,-1.2577749077995075,24.128201665975368,-1.5023886736295946,0.8099690993998239,21.425597700801834,1.3032734908146442,-1.6777588037096025,21.993826290019413,3.8198417125774826,-0.6904467721928225,17.301606760299695,5.175784129252714,-3.7420347422105182,18.411772985181663,3.9146211390034,-3.7420347422105182,18.411772985181663,3.9146211390034,-3.7420347422105182,18.411772985181663,3.9146211390034,-3.7420347422105182,18.411772985181663,3.9146211390034,-4.399550518085949,18.692869417078352,3.8986628167269237,-4.399550518085949,18.692869417078352,3.8986628167269237,0.8099690993998239,21.425597700801834,1.3032734908146442,0.947098896068475,23.17276927596474,1.405578489267248,1.0222943319568087,24.885563198658875,1.840631129994316,1.0222943319568087,24.885563198658875,1.840631129994316,1.075913,17.382558,0.713661,1.8250093876058435,15.37821037365395,-0.31148884574784497,2.0880674707868225,8.021394397247857,-1.3461031398542147,2.2086937291685067,0.5304499740934379,-1.8535892928678128,-0.05869471092377987,-0.17254068671450273,-2.27927156411326,-0.05869471092377987,-0.17254068671450273,-2.27927156411326,1.075913,17.382558,0.713661,0.33350705657544466,15.122308237144798,1.0645762736500708,1.3001183308376678,8.19212557189109,2.5719906890270074,2.525854364426278,0.9175680043705752,3.8754781576635438,0.5141158334369464,-0.07729356348266692,4.630350125576962,0.5141158334369464,-0.07729356348266692,4.630350125576962
0.233324,1.06901,17.3902,0.71647,1.06901,17.3902,0.71647,0.9428002298573847,19.41496568007516,0.9737960579698917,0.8150584901236936,21.43496320374135,1.2995614577782035,0.8150584901236936,21.43496320374135,1.2995614577782035,3.6363145800592878,23.08824626729562,0.2054025242745141,0.5585459974539608,20.953424578827676,-3.4616661307106167,-0.9888157144938479,23.51405413387774,-1.7554554159681328,-0.9888157144938479,23.51405413387774,-1.7554554159681328,-0.9888157144938479,23.51405413387774,-1.7554554159681328,-0.9888157144938479,23.51405413387774,-1.7554554159681328,-1.0688360820801097,24.09989321443082,-1.5606916786655227,-1.0688360820801097,24.09989321443082,-1.5606916786655227,0.8150584901236936,21.43496320374135,1.2995614577782035,-1.848498039571763,22.032439883261816,3.6219046053009567,-1.09057286955448,17.364660767167663,5.192788611206406,-4.076574277955801,18.332678577127403,3.6821836389432807,-4.076574277955801,18.332678577127403,3.6821836389432807,-4.076574277955801,18.332678577127403,3.6821836389432807,-4.076574277955801,18.332678577127403,3.6821836389432807,-4.744431361382543,18.57895180020807,3.612088822371831,-4.744431361382543,18.57895180020807,3.612088822371831,0.8150584901236936,21.43496320374135,1.2995614577782035,0.970475338447095,23.1800881767904,1.410303674650465,1.0432061327660112,24.892351554050567,1.847856567283271,1.0432061327660112,24.892351554050567,1.847856567283271,1.06901,17.3902,0.71647,1.8612044189917638,15.390963571812863,-0.2860112806869951,2.1115457452877866,8.036128500548806,-1.3377231700619205,2.19395862560389,0.545851071564436,-1.8624072602584014,-0.0757151685388906,-0.14777903450686525,-2.29125425818777,-0.0757151685388906,-0.14777903450686525,-2.29125425818777,1.06901,17.3902,0.71647,0.3038012775081199,15.130100808086244,1.0155424967848565,1.2554544234028684,8.206519321162324,2.5622949116312013,2.529610390785262,0.9507926771738866,3.9230497193023437,0.5233669685219966,-0.07912333952564721,4.6448069315081835,0.5233669685219966,-0.07912333952564721,4.6448069315081835
0.241657,1.066129,17.397719,0.718238,1.066129,17.397719,0.718238,0.9490005542094009,19.423300616755686,0.9734275500370115,0.8273928293875342,21.444033201236007,1.29697418760745,0.8273928293875342,21.444033201236007,1.29697418760745,3.736142218639274,23.0497371394331,0.3745282876295818,0.8575830251073038,20.95952263723136,-3.4754607921105327,-0.7798817264602917,23.495975140514243,-1.8179250082242038,-0.7798817264602917,23.495975140514243,-1.8179250082242038,-0.7798817264602917,23.495975140514243,-1.8179250082242038,-0.7798817264602917,23.495975140514243,-1.8179250082242038,-0.8740687282031921,24.07778670403841,-1.617506161425188,-0.8740687282031921,24.07778670403841,-1.617506161425188,0.8273928293875342,21.444033201236007,1.29697418760745,-1.9884970364044845,22.084933432974996,3.4194257467688645,-1.56871303739602,17.45225709612509,5.206149103130282,-4.4473903387986224,18.305554435408478,3.439714581626208,-4.4473903387986224,18.305554435408478,3.439714581626208,-4.4473903387986224,18.305554435408478,3.439714581626208,-4.4473903387986224,18.305554435408478,3.439714581626208,-5.1154168414408785,18.524645692756255,3.308046512902902,-5.1154168414408785,18.524645692756255,3.308046512902902,0.8273928293875342,21.444033201236007,1.29697418760745,0.998506745509818,23.18705055431215,1.417348360438346,1.0672288131262624,24.89875244715585,1.8577369193926188,1.0672288131262624,24.89875244715585,1.8577369193926188,1.066129,17.397719,0.718238,1.8946438740923108,15.401179261045932,-0.2599640167557563,2.1322492259705075,8.048246066909979,-1.327805176635111,2.1804804901036707,0.5588375799042709,-1.8688925082434218,-0.09139262523888991,-0.12389252317181854,-2.3035461147364558,-0.09139262523888991,-0.12389252317181854,-2.3035461147364558,1.066129,17.397719,0.718238,0.2810963921997244,15.138915908636985,0.9723433004940893,1.2074616700885277,8.219834880713943,2.554187935708752,2.5292247691462912,0.9833345001467295,3.9707685935322905,0.5292290267788056,-0.08064173264112151,4.65971325805514,0.5292290267788056,-0.08064173264112151,4.65971325805514
0.24999,1.066622,17.40463,0.719302,1.066622,17.40463,0.719302,0.9598875613111009,19.430893381592615,0.9736366877927475,0.8454508808569015,21.4521879011055,1.296287822850108,0.8454508808569015,21.4521879011055,1.296287822850108,3.8267176159825436,23.010123386003727,0.5380660453151851,1.1510140422522355,20.965644333135348,-3.4791757196162303,-0.5682489643788249,23.483584868148576,-1.877171610674174,-0.5682489643788249,23.483584868148576,-1.877171610674174,-0.5682489643788249,23.483584868148576,-1.877171610674174,-0.5682489643788249,23.483584868148576,-1.877171610674174,-0.6753184261701121,24.06177590568114,-1.672782630127914,-0.6753184261701121,24.06177590568114,-1.672782630127914,0.8454508808569015,21.4521879011055,1.296287822850108,-2.095510276808173,22.144539084647587,3.2240291882965133,-2.1111284668884274,17.570381990761895,5.200675831628048,-4.851808686013249,18.335232295835315,3.1909827652800997,-4.851808686013249,18.335232295835315,3.1909827652800997,-4.851808686013249,18.335232295835315,3.1909827652800997,-4.851808686013249,18.335232295835315,3.1909827652800997,-5.509568454062281,18.536069376389793,2.994479782578979,-5.509568454062281,18.536069376389793,2.994479782578979,0.8454508808569015,21.4521879011055,1.296287822850108,1.0296769393195895,23.193160044668453,1.4265036499262098,1.093132877831395,24.9044096832929,1.8694327566411404,1.093132877831395,24.9044096832929,1.8694327566411404,1.066622,17.40463,0.719302,1.9246964834088653,15.40856492729579,-0.23407065424017037,2.1512516208889485,8.057385462245595,-1.316290985644883,2.169027101420751,0.568988858105552,-1.8730149494687511,-0.10499950155209214,-0.10107888288640954,-2.3160316928924307,-0.10499950155209214,-0.10107888288640954,-2.3160316928924307,1.066622,17.40463,0.719302,0.264030171917635,15.14804905861078,0.9354637844447734,1.158719047422893,8.23167374598129,2.5470939218821744,2.5254042148447122,1.0139910659101181,4.016081529403026,0.5321906531924192,-0.08179087311810629,4.674135314397021,0.5321906531924192,-0.08179087311810629,4.674135314397021
0.258323,1.070045,17.410292,0.720721,1.070045,17.410292,0.720721,0.974571449221779,19.437033106930624,0.9757248273818966,0.8678459639807689,21.45869587678951,1.298711451201784,0.8678459639807689,21.45869587678951,1.298711451201784,3.908387972373324,22.968853431770217,0.6949374542999099,1.4361703694508,20.970520482987418,-3.4730742011071456,-0.35581095540562435,23.476438647032335,-1.9331118394321731,-0.35581095540562435,23.476438647032335,-1.9331118394321731,-0.35581095540562435,23.476438647032335,-1.9331118394321731,-0.35581095540562435,23.476438647032335,-1.9331118394321731,-0.47429658027406096,24.05167844838431,-1.7267046483266377,-0.47429658027406096,24.05167844838431,-1.7267046483266377,0.8678459639807689,21.45869587678951,1.298711451201784,-2.1716718268918984,22.20539830417906,3.044723062904036,-2.6987120945562735,17.726628459927,5.1644254567505445,-5.2867686754462095,18.424668638415906,2.9395898859886356,-5.2867686754462095,18.424668638415906,2.9395898859886356,-5.2867686754462095,18.424668638415906,2.9395898859886356,-5.2867686754462095,18.424668638415906,2.9395898859886356,-5.925141115362548,18.61650951174121,2.6802164585195825,-5.925141115362548,18.61650951174121,2.6802164585195825,0.8678459639807689,21.45869587678951,1.298711451201784,1.0629225781274927,23.1977894731803,1.4379162805202628,1.1204092773609244,24.908851625520633,1.8823819885784978,1.1204092773609244,24.908851625520633,1.8823819885784978,1.070045,17.410292,0.720721,1.9509594860865205,15.412920004447951,-0.2087852081489039,2.169313276759744,8.063271652393023,-1.3030239054334116,2.1595450601424377,0.5760143901283588,-1.8750593161460232,-0.11660694273318217,-0.07959093914803239,-2.3286729353526114,-0.11660694273318217,-0.07959093914803239,-2.3286729353526114,1.070045,17.410292,0.720721,0.2512331713759953,15.156715077091683,0.9050450256735464,1.1114384699198694,8.241585018923583,2.540615406909733,2.5184499959476385,1.0414057025734236,4.056673646598542,0.5324752546518645,-0.08317226711526438,4.687468273419388,0.5324752546518645,-0.08317226711526438,4.687468273419388
0.266656,1.075527,17.414477,0.722753,1.075527,17.414477,0.722753,0.9914798436768302,19.441418119865247,0.9801776249165132,0.8923258067472646,21.463224417552308,1.3046754138049939,0.8923258067472646,21.463224417552308,1.3046754138049939,3.9799562132925748,22.927716348253448,0.8444402103621247,1.7106450434263452,20.97223178379706,-3.4571667617464605,-0.1440658484233288,23.47346327856459,-1.9853666713343239,-0.1440658484233288,23.47346327856459,-1.9853666713343239,-0.1440658484233288,23.47346327856459,-1.9853666713343239,-0.1440658484233288,23.47346327856459,-1.9853666713343239,-0.2722879646172771,24.046632612610598,-1.7790184115209664,-0.2722879646172771,24.046632612610598,-1.7790184115209664,0.8923258067472646,21.463224417552308,1.3046754138049939,-2.2202910818808292,22.263168082313637,2.8910220663798287,-3.3073898244231827,17.924263400393503,5.087021038413827,-5.749478869158332,18.57508371991256,2.6895589880602278,-5.749478869158332,18.57508371991256,2.6895589880602278,-5.749478869158332,18.57508371991256,2.6895589880602278,-5.749478869158332,18.57508371991256,2.6895589880602278,-6.362107243846376,18.766116435190785,2.373663682902784,-6.362107243846376,18.766116435190785,2.373663682902784,0.8923258067472646,21.463224417552308,1.3046754138049939,1.0962111979448361,23.20071187851976,1.451124985798553,1.147681064010166,24.91194272264579,1.8956787242812314,1.147681064010166,24.91194272264579,1.8956787242812314,1.075527,17.414477,0.722753,1.9731283201281327,15.41434568300182,-0.18459125455135095,2.1868614888498885,8.065930567305431,-1.2879864799320782,2.1523770684812,0.5799233688534695,-1.8752243278073983,-0.12586645718368894,-0.05953429460431736,-2.3412199693225584,-0.12586645718368894,-0.05953429460431736,-2.3412199693225584,1.075527,17.414477,0.722753,0.24156658953303634,15.164488173315656,0.8811746467827877,1.0679145561083212,8.249419738241494,2.5343669905159354,2.5095436880335216,1.0645986172249788,4.09024202183419,0.5306198028016835,-0.08446169259104352,4.69867756078999,0.5306198028016835,-0.08446169259104352,4.69867756078999
0.274989,1.082426,17.416925,0.72606,1.082426,17.416925,0.72606,1.0093233194948006,19.44377681166152,0.9874971761386533,0.9170250032839479,21.465529058285124,1.314345638728049,0.9170250032839479,21.465529058285124,1.314345638728049,4.041113215340069,22.887612199772374,0.9860668441193394,1.9725039153261275,20.969393732970115,-3.4319427855119318,0.06557163568230817,23.47355676649487,-2.0336996838731194,0.06557163568230817,23.47355676649487,-2.0336996838731194,0.06557163568230817,23.47355676649487,-2.0336996838731194,0.06557163568230817,23.47355676649487,-2.0336996838731194,-0.07060536162281636,24.045677245814296,-1.8295487998479265,-0.07060536162281636,24.045677245814296,-1.8295487998479265,0.9170250032839479,21.465529058285124,1.314345638728049,-2.2472792056280735,22.315375127553594,2.7668366012853376,-3.913793622139162,18.166042096534305,4.965939622349378,-6.2358394439183025,18.786484093555284,2.444363685858339,-6.2358394439183025,18.786484093555284,2.444363685858339,-6.2358394439183025,18.786484093555284,2.444363685858339,-6.2358394439183025,18.786484093555284,2.444363685858339,-6.820381406764709,18.983009900282145,2.0820307332277146,-6.820381406764709,18.983009900282145,2.0820307332277146,0.9170250032839479,21.465529058285124,1.314345638728049,1.1281428339449224,23.201736949981473,1.46564278109473,1.1742809444777478,24.913546408355227,1.9085511557938473,1.1742809444777478,24.913546408355227,1.9085511557938473,1.082426,17.416925,0.72606,1.9911173247328946,15.413036925483556,-0.16174610077085871,2.2040156804093,8.065492992771766,-1.2710882708971034,2.1472501010382885,0.5808439885712078,-1.8737060547520366,-0.13300648899753842,-0.04118454496715385,-2.3532495778678184,-0.13300648899753842,-0.04118454496715385,-2.3532495778678184,1.082426,17.416925,0.72606,0.23406591554338474,15.170957415431184,0.863725830062834,1.0298154490602114,8.254988973361527,2.5281267845219344,2.499414033576001,1.0826892737057898,4.115291938753657,0.5271137114345943,-0.08612316803076703,4.707391642792371,0.5271137114345943,-0.08612316803076703,4.707391642792371
0.283322,1.090303,17.417238,0.731484,1.090303,17.417238,0.731484,1.0267417621406654,19.44368978759413,0.9984573825652655,0.9397400535386445,21.465156359588775,1.3285098699192381,0.9397400535386445,21.465156359588775,1.3285098699192381,4.091260706207815,22.848824865034654,1.1201984976016186,2.220175579730814,20.96138021352798,-3.3979990132400006,0.27155385617985006,23.47575630521259,-2.07773644959211,0.27155385617985006,23.47575630521259,-2.07773644959211,0.27155385617985006,23.47575630521259,-2.07773644959211,0.27155385617985006,23.47575630521259,-2.07773644959211,0.12921741328714928,24.047887304828592,-1.877861345582011,0.12921741328714928,24.047887304828592,-1.877861345582011,0.9397400535386445,21.465156359588775,1.3285098699192381,-2.260210135711396,22.363806861008474,2.6692318869372142,-4.496228712656677,18.45457799351201,4.801938989445175,-6.7410010413293,19.056395867998017,2.2069432838659075,-6.7410010413293,19.056395867998017,2.2069432838659075,-6.7410010413293,19.056395867998017,2.2069432838659075,-6.7410010413293,19.056395867998017,2.2069432838659075,-7.29939329658241,19.262865837582815,1.8105027353179601,-7.29939329658241,19.262865837582815,1.8105027353179601,0.9397400535386445,21.465156359588775,1.3285098699192381,1.1570390772110588,23.200391338720095,1.4821982182419005,1.199225573774531,24.913144154714903,1.9218415580180817,1.199225573774531,24.913144154714903,1.9218415580180817,1.090303,17.417238,0.731484,2.005224225104122,15.409141409393651,-0.14026954662262459,2.2209691530953237,8.062098695855882,-1.2523779473181964,2.144060625630352,0.5789284060380746,-1.8709155229684193,-0.13803074084042066,-0.025068917357758846,-2.364573128916338,-0.13803074084042066,-0.025068917357758846,-2.364573128916338,1.090303,17.417238,0.731484,0.22802751261002785,15.175603755159411,0.852289632336994,0.997595620693069,8.257895057838628,2.5217622002559397,2.489272488747892,1.0950676488343838,4.130954493994542,0.5227604030105089,-0.08836721329389641,4.713178924904327,0.5227604030105089,-0.08836721329389641,4.713178924904327
0.291655,1.098547,17.41572,0.739078,1.098547,17.41572,0.739078,1.0426225739950667,19.441554663831635,1.0123691246165631,0.9590230714595047,21.462604676219378,1.345834286220155,0.9590230714595047,21.462604676219378,1.345834286220155,4.130207134570505,22.813097114628675,1.2469586235416428,2.4525094746024925,20.947243420721897,-3.3553708045493424,0.47258417900075256,23.47876175282348,-2.1169775927745107,0.47258417900075256,23.47876175282348,-2.1169775927745107,0.47258417900075256,23.47876175282348,-2.1169775927745107,0.47258417900075256,23.47876175282348,-2.1169775927745107,0.32583950649855087,24.051923426807654,-1.9233405677305304,0.32583950649855087,24.051923426807654,-1.9233405677305304,0.9590230714595047,21.462604676219378,1.345834286220155,-2.2638662560238654,22.409451073762124,2.5953364857196686,-5.037466424447976,18.787200897642446,4.599515810859688,-7.256460165358121,19.381740983111367,1.9807796389301418,-7.256460165358121,19.381740983111367,1.9807796389301418,-7.256460165358121,19.381740983111367,1.9807796389301418,-7.256460165358121,19.381740983111367,1.9807796389301418,-7.794822199230862,19.600348947536382,1.5636780374295522,-7.794822199230862,19.600348947536382,1.5636780374295522,0.9590230714595047,21.462604676219378,1.345834286220155,1.1819212970816115,23.197126084896688,1.4995589451223355,1.22199084986674,24.911127013442478,1.9345111531679708,1.22199084986674,24.911127013442478,1.9345111531679708,1.098547,17.41572,0.739078,2.0157169537021713,15.403279195122124,-0.12020559363393224,2.237434377564073,8.056375044657571,-1.2320546801752656,2.1425178959797067,0.5747794969966717,-1.866924874186825,-0.14113095301575607,-0.011379311843269013,-2.374682088612225,-0.14113095301575607,-0.011379311843269013,-2.374682088612225,1.098547,17.41572,0.739078,0.2230207236504007,15.178545996474192,0.8465178528001094,0.9720846988367415,8.25838957034517,2.5151716659031234,2.479859930111803,1.1018223760370534,4.137163051023987,0.5180185833926685,-0.0910391872762768,4.715896984082117,0.5180185833926685,-0.0910391872762768,4.715896984082117
0.29998800000000003,1.106887,17.412473,0.749218,1.106887,17.412473,0.749218,1.0560820768771761,19.437540633481348,1.0291137038125804,0.9735199083814652,21.458076266458793,1.3659375266068106,0.9735199083814652,21.458076266458793,1.3659375266068106,4.157917857992622,22.780809099879278,1.3673986575618025,2.668675139992098,20.927083249203356,-3.3041505723423685,0.6672620926159283,23.48174254058663,-2.15073446891675,0.6672620926159283,23.48174254058663,-2.15073446891675,0.6672620926159283,23.48174254058663,-2.15073446891675,0.6672620926159283,23.48174254058663,-2.15073446891675,0.5177595307760815,24.056828548318563,-1.9650770731193603,0.5177595307760815,24.056828548318563,-1.9650770731193603,0.9735199083814652,21.458076266458793,1.3659375266068106,-2.263114135041576,22.45683761182205,2.5370332990623323,-5.524008636777198,19.16100616881193,4.363053876114032,-7.772205549548306,19.7563714798576,1.7695348263652235,-7.772205549548306,19.7563714798576,1.7695348263652235,-7.772205549548306,19.7563714798576,1.7695348263652235,-7.772205549548306,19.7563714798576,1.7695348263652235,-8.299599342294927,19.987914595892697,1.3454588421488436,-8.299599342294927,19.987914595892697,1.3454588421488436,0.9735199083814652,21.458076266458793,1.3659375266068106,1.2019156640061637,23.192040877991477,1.5178635338107311,1.2419709905525698,24.907486617096453,1.9470833637368883,1.2419709905525698,24.907486617096453,1.9470833637368883,1.106887,17.412473,0.749218,2.0232219551583395,15.395935595614652,-0.10130781270045952,2.2531259064731124,8.048875751095402,-1.2104621832109883,2.142145675344219,0.5689281231651373,-1.861928308361755,-0.14267779652333346,-0.000453421551603439,-2.3833091312149572,-0.14267779652333346,-0.000453421551603439,-2.3833091312149572,1.106887,17.412473,0.749218,0.21886463501184572,15.17973636168887,0.8458641992215103,0.9529063134156008,8.256513651563907,2.508463811087263,2.4719019119531733,1.1032671929822806,4.1346291417080145,0.5134581517943517,-0.09407345860435412,4.715616703152378,0.5134581517943517,-0.09407345860435412,4.715616703152378
0.308321,1.115156,17.407771,0.761892,1.115156,17.407771,0.761892,1.0666105794656626,19.43201252197867,1.0480934469610799,0.9825130795213157,21.452000889738148,1.3878075149940532,0.9825130795213157,21.452000889738148,1.3878075149940532,4.1747278269627905,22.75232113190485,1.4823953526302354,2.868222871432676,20.901155084324365,-3.2445216844522333,0.8544122737892619,23.48393192686241,-2.17862410617922,0.8544122737892619,23.48393192686241,-2.17862410617922,0.8544122737892619,23.48393192686241,-2.17862410617922,0.8544122737892619,23.48393192686241,-2.17862410617922,0.7036649705898337,24.061665021365254,-2.0024329514799337,0.7036649705898337,24.061665021365254,-2.0024329514799337,0.9825130795213157,21.452000889738148,1.3878075149940532,-2.2606775838584805,22.51015324279801,2.4863599183776994,-5.947621355416631,19.570315137404535,4.096976737936293,-8.276484658549496,20.172171051438305,1.5771839989072163,-8.276484658549496,20.172171051438305,1.5771839989072163,-8.276484658549496,20.172171051438305,1.5771839989072163,-8.276484658549496,20.172171051438305,1.5771839989072163,-8.803320668659506,20.416372722208358,1.1595642794919567,-8.803320668659506,20.416372722208358,1.1595642794919567,0.9825130795213157,21.452000889738148,1.3878075149940532,1.2166628152698638,23.185466230148645,1.5366403801294115,1.25881605285453,24.902456959958197,1.9594336082080996,1.25881605285453,24.902456959958197,1.9594336082080996,1.115156,17.407771,0.761892,2.028445201876289,15.387635493383097,-0.08335493435814134,2.2675701188783743,8.04020254799738,-1.188079330091894,2.1422827578939745,0.5619236164930754,-1.8559030645431558,-0.14322578439728328,0.007389926561785609,-2.390126513434046,-0.14322578439728328,0.007389926561785609,-2.390126513434046,1.115156,17.407771,0.761892,0.21557073537822546,15.179300745673569,0.8496631903625731,0.9393605080015504,8.252507777596296,2.501854127101165,2.4655402317935016,1.1000518977024223,4.124767108427602,0.5091293515445878,-0.09726403419511631,4.712614172780226,0.5091293515445878,-0.09726403419511631,4.712614172780226
0.316654,1.123204,17.402039,0.776975,1.123204,17.402039,0.776975,1.0738182667696143,19.42546496711801,1.0687455782731392,0.9854526656323973,21.444919259718212,1.4105451160643319,0.9854526656323973,21.444919259718212,1.4105451160643319,4.180863698156945,22.727945278127557,1.5927734187647162,3.0507484786292105,20.870360160550543,-3.176894570891185,1.032636078074416,23.48485450352815,-2.2001916180109102,1.032636078074416,23.48485450352815,-2.2001916180109102,1.032636078074416,23.48485450352815,-2.2001916180109102,1.032636078074416,23.48485450352815,-2.2001916180109102,0.8819688758094403,24.06573727517242,-2.0346071964353354,0.8819688758094403,24.06573727517242,-2.0346071964353354,0.9854526656323973,21.444919259718212,1.4105451160643319,-2.258178682619696,22.57189787938739,2.436977934978879,-6.305480849060347,20.007622173182845,3.8059645222375034,-8.757142205133846,20.618904921987784,1.4078652186745062,-8.757142205133846,20.618904921987784,1.4078652186745062,-8.757142205133846,20.618904921987784,1.4078652186745062,-8.757142205133846,20.618904921987784,1.4078652186745062,-9.293395424881789,20.87452219729828,1.0095071379571656,-9.293395424881789,20.87452219729828,1.0095071379571656,0.9854526656323973,21.444919259718212,1.4105451160643319,1.2257434270006522,23.177871354306962,1.5555168193775057,1.2718428558452628,24.896415610210163,1.9715320337174527,1.2718428558452628,24.896415610210163,1.9715320337174527,1.123204,17.402039,0.776975,2.0321173985190772,15.379014135568053,-0.06607532072979383,2.2804047461262154,8.031119486638833,-1.1656958119246124,2.14266720787616,0.5544670777556364,-1.8490978662073672,-0.14295825138899554,0.012075109942138451,-2.395155387637433,-0.14295825138899554,0.012075109942138451,-2.395155387637433,1.123204,17.402039,0.776975,0.21327669664875237,15.177489217565135,0.8572724014830249,0.9307979482453356,8.246761070538687,2.495636815928909,2.461155598283108,1.093085387047637,4.10921231354273,0.505436857492771,-0.1003568790436491,4.707152869642043,0.505436857492771,-0.1003568790436491,4.707152869642043
0.324987,1.13082,17.395736,0.794147,1.13082,17.395736,0.794147,1.0773300966161614,19.418400443153352,1.0904391633103474,0.9818080937670434,21.437358647971145,1.433242835359818,0.9818080937670434,21.437358647971145,1.433242835359818,4.176372625317937,22.70782366822943,1.6991200082369464,3.216120316545922,20.83600869611883,-3.1021027343235983,1.2006525218719952,23.484303388006815,-2.215123714024836,1.2006525218719952,23.484303388006815,-2.215123714024836,1.2006525218719952,23.484303388006815,-2.215123714024836,1.2006525218719952,23.484303388006815,-2.215123714024836,1.0511686191602703,24.06860327146507,-2.060877774302767,1.0511686191602703,24.06860327146507,-2.060877774302767,0.9818080937670434,21.437358647971145,1.433242835359818,-2.256619216230523,22.642054333474633,2.385128504697894,-6.599281326963085,20.465077531480457,3.4952396683148583,-9.202419263364451,21.085487405282976,1.2650031906837595,-9.202419263364451,21.085487405282976,1.2650031906837595,-9.202419263364451,21.085487405282976,1.2650031906837595,-9.202419263364451,21.085487405282976,1.2650031906837595,-9.756076465762836,21.350219118642926,0.8976100908929527,-9.756076465762836,21.350219118642926,0.8976100908929527,0.9818080937670434,21.437358647971145,1.433242835359818,1.2286005246398994,23.169744236352162,1.574001764503299,1.2800997591443555,24.889776604060778,1.983177348183634,1.2800997591443555,24.889776604060778,1.983177348183634,1.13082,17.395736,0.794147,2.0348349754444754,15.370652584591626,-0.04922782545430604,2.2912089034799115,8.022329306043083,-1.1441182338355658,2.1431550670530077,0.5471737956705471,-1.8415932497081144,-0.1419555274204134,0.013544955496046063,-2.3983350529341227,-0.1419555274204134,0.013544955496046063,-2.3983350529341227,1.13082,17.395736,0.794147,0.2120915149946241,15.174585642220963,0.868080507814705,0.9266352017904304,8.239748654265007,2.4902798232929952,2.45889640757598,1.083348695992095,4.089908355976783,0.5026591482695839,-0.10321206530412308,4.699730042417614,0.5026591482695839,-0.10321206530412308,4.699730042417614
0.33332,1.137998,17.389438,0.812822,1.137998,17.389438,0.812822,1.0769863565053246,19.41139911420301,1.1124425890939245,0.9712068718756972,21.429875260959317,1.4550732780394795,0.9712068718756972,21.429875260959317,1.4550732780394795,4.161416331723316,22.691832767720456,1.8015432456095082,3.364892564467275,20.799611780082213,-3.021584912768372,1.3576412604496655,23.482272493273115,-2.2237248440083905,1.3576412604496655,23.482272493273115,-2.2237248440083905,1.3576412604496655,23.482272493273115,-2.2237248440083905,1.3576412604496655,23.482272493273115,-2.2237248440083905,1.210187582268201,24.070041523364512,-2.08114651130607,1.210187582268201,24.070041523364512,-2.08114651130607,0.9712068718756972,21.429875260959317,1.4550732780394795,-2.2569368238820866,22.718779303811054,2.3283453502825604,-6.8329760648296745,20.93544811205132,3.170891328733963,-9.600826591027158,21.561425590844564,1.1504097192477563,-9.600826591027158,21.561425590844564,1.1504097192477563,-9.600826591027158,21.561425590844564,1.1504097192477563,-9.600826591027158,21.561425590844564,1.1504097192477563,-10.17688578369912,21.831817089569135,0.8238502123342268,-10.17688578369912,21.831817089569135,0.8238502123342268,0.9712068718756972,21.429875260959317,1.4550732780394795,1.2247782977025314,23.161616289789627,1.5916527346567926,1.2827526882053741,24.88299763949242,1.9942361351357647,1.2827526882053741,24.88299763949242,1.9942361351357647,1.137998,17.389438,0.812822,2.0372012129167825,15.3631090558303,-0.03270245458440135,2.299305826240162,8.014472500336698,-1.1241279217317288,2.143101060484696,0.5405900065662186,-1.8333682060969656,-0.1408627636868225,0.012001749761440195,-2.399544245985534,-0.1408627636868225,0.012001749761440195,-2.399544245985534,1.137998,17.389438,0.812822,0.21219154733188583,15.171057553290321,0.881434757226768,0.9260429279917649,8.232142219211322,2.4864075114544892,2.458133162335986,1.0719172694038441,4.068992229591736,0.5002170198753308,-0.10546060901444942,4.691100624249151,0.5002170198753308,-0.10546060901444942,4.691100624249151
0.341653,1.144537,17.383727,0.832354,1.144537,17.383727,0.832354,1.0723721865665061,19.40500905776041,1.134070337108147,0.9529297501307901,21.4229451384952,1.475389135077152,0.9529297501307901,21.4229451384952,1.475389135077152,4.135744441019001,22.679676299689184,1.9000443092481558,3.4976955047085334,20.762959114375054,-2.936959349670716,1.5026689944714269,23.47902228761175,-2.226201267522805,1.5026689944714269,23.47902228761175,-2.226201267522805,1.5026689944714269,23.47902228761175,-2.226201267522805,1.5026689944714269,23.47902228761175,-2.226201267522805,1.3577917963175787,24.07011549726885,-2.0951935736557825,1.3577917963175787,24.07011549726885,-2.0951935736557825,0.9529297501307901,21.4229451384952,1.475389135077152,-2.260656127899742,22.798430838550868,2.2663975786257056,-7.012050500846872,21.41122712002375,2.841033425080545,-9.942426134151479,22.03663792522692,1.0642525590000527,-9.942426134151479,22.03663792522692,1.0642525590000527,-9.942426134151479,22.03663792522692,1.0642525590000527,-9.942426134151479,22.03663792522692,1.0642525590000527,-10.542576102945498,22.308259149167974,0.7856151723102853,-10.542576102945498,22.308259149167974,0.7856151723102853,0.9529297501307901,21.4229451384952,1.475389135077152,1.2133424103778547,23.15396383107278,1.6082008033524233,1.278416304420239,24.87648233923845,2.0047907083435614,1.278416304420239,24.87648233923845,2.0047907083435614,1.144537,17.383727,0.832354,2.039570468879859,15.35691787684651,-0.016437422722134554,2.304276987659564,8.008170379048583,-1.1064870894457357,2.142413453010346,0.535264496082549,-1.824692562122237,-0.13978498752276902,0.007794641857426399,-2.3989724889975763,-0.13978498752276902,0.007794641857426399,-2.3989724889975763,1.144537,17.383727,0.832354,0.2136246486336414,15.167359119366754,0.8967955733113734,0.9288485742465047,8.22463375286854,2.4845885606410074,2.4586892013232884,1.0597554941430838,4.048175271216601,0.49811835351940426,-0.10699128179312178,4.68184478743466,0.49811835351940426,-0.10699128179312178,4.68184478743466
0.349986,1.150119,17.379241,0.851991,1.150119,17.379241,0.851991,1.0631531569899677,19.39982292218043,1.1544927409986236,0.9265390435351251,21.41707919349571,1.4933802787513621,0.9265390435351251,21.41707919349571,1.4933802787513621,4.09943478197548,22.67084006657746,1.9942104806325291,3.615388572865735,20.727756741124082,-2.8501307612487174,1.6350266446069084,23.474969330081333,-2.2229971127512265,1.6350266446069084,23.474969330081333,-2.2229971127512265,1.6350266446069084,23.474969330081333,-2.2229971127512265,1.6350266446069084,23.474969330081333,-2.2229971127512265,1.4929675846875192,24.069091892089638,-2.103075447871581,1.4929675846875192,24.069091892089638,-2.103075447871581,0.9265390435351251,21.41707919349571,1.4933802787513621,-2.2692491993214015,22.87660279200629,2.2015595191352615,-7.1424254354350305,21.884864943341615,2.5160406971147395,-10.219679694876678,22.50239568359818,1.0046333128577956,-10.219679694876678,22.50239568359818,1.0046333128577956,-10.219679694876678,22.50239568359818,1.0046333128577956,-10.219679694876678,22.50239568359818,1.0046333128577956,-10.842668077002738,22.770378871503826,0.7773287719091336,-10.842668077002738,22.770378871503826,0.7773287719091336,0.9265390435351251,21.41707919349571,1.4933802787513621,1.1936001861889616,23.14731712791426,1.623127892538488,1.2659199492054676,24.870711941816893,2.0146229023288416,1.2659199492054676,24.870711941816893,2.0146229023288416,1.150119,17.379241,0.851991,2.042001109682754,15.352581777634771,-0.0004676266968061116,2.305817405304989,8.003973694978896,-1.09167237975138,2.1411769536827707,0.5316992581025124,-1.815792191794488,-0.13866923175091594,0.001422801924479633,-2.3967912058097753,-0.13866923175091594,0.001422801924479633,-2.3967912058097753,1.150119,17.379241,0.851991,0.21623934794226607,15.164043528099345,0.9136842780574148,0.9352320446398447,8.218036832976134,2.4853419514707666,2.4600410638471093,1.0477326141473977,4.028841570029516,0.4961629229398159,-0.10787845430092524,4.6725952887343025,0.4961629229398159,-0.10787845430092524,4.6725952887343025
0.358319,1.154282,17.376576,0.871018,1.154282,17.376576,0.871018,1.0491284214881142,19.39635428989371,1.173110783760523,0.8920239012601443,21.4126539040073,1.5087967668597957,0.8920239012601443,21.4126539040073,1.5087967668597957,4.05309757643278,22.664670594089852,2.083324410133208,3.7189735736449916,20.69547720844022,-2.763133489268663,1.7541514836439216,23.47055426281324,-2.2147463214427017,1.7541514836439216,23.47055426281324,-2.2147463214427017,1.7541514836439216,23.47055426281324,-2.2147463214427017,1.7541514836439216,23.47055426281324,-2.2147463214427017,1.614844150036221,24.067311981734292,-2.105122908746072,1.614844150036221,24.067311981734292,-2.105122908746072,0.8920239012601443,21.4126539040073,1.5087967668597957,-2.2840694203370613,22.95098445396442,2.1339045942578005,-7.229918250658979,22.348288616450517,2.208911760893562,-10.428443441683612,22.95168777635939,0.9677283216702917,-10.428443441683612,22.95168777635939,0.9677283216702917,-10.428443441683612,22.95168777635939,0.9677283216702917,-10.428443441683612,22.95168777635939,0.9677283216702917,-11.070949415147538,23.211561659449703,0.790955850536536,-11.070949415147538,23.211561659449703,0.790955850536536,0.8920239012601443,21.4126539040073,1.5087967668597957,1.1651500657085343,23.142087049511737,1.636634556360136,1.2442618203420337,24.86603795114383,2.0243493928581775,1.2442618203420337,24.86603795114383,2.0243493928581775,1.154282,17.376576,0.871018,2.0442688768338764,15.35054173627689,0.015100052598826297,2.30376611003741,8.002348469931814,-1.079927120488938,2.1395468420894255,0.5303550188976409,-1.80703587455332,-0.13741082077789146,-0.006465563078790204,-2.393328521425419,-0.13741082077789146,-0.006465563078790204,-2.393328521425419,1.154282,17.376576,0.871018,0.21963754317831563,15.161672101693101,0.9316609319657023,0.9453659621580391,8.213145021875828,2.4890167140306803,2.4619138646994343,1.0366585997262296,4.011784358847091,0.4942901293047781,-0.1079749294667991,4.663661696970371,0.4942901293047781,-0.1079749294667991,4.663661696970371
0.366652,1.156638,17.37628,0.888688,1.156638,17.37628,0.888688,1.0309043076678153,19.395117877547168,1.189198113296324,0.8509562997120796,21.410135285488952,1.5210935840764177,0.8509562997120796,21.410135285488952,1.5210935840764177,3.9990362375866204,22.66054749659984,2.1661335766788947,3.809771577173107,20.666982550499203,-2.6781819894250867,1.8601523144061345,23.46609433327429,-2.202508838324845,1.8601523144061345,23.46609433327429,-2.202508838324845,1.8601523144061345,23.46609433327429,-2.202508838324845,1.8601523144061345,23.46609433327429,-2.202508838324845,1.7232905725861472,24.065052048671173,-2.10219872072674,1.7232905725861472,24.065052048671173,-2.10219872072674,0.8509562997120796,21.410135285488952,1.5210935840764177,-2.3040055831712327,23.02114504572457,2.0648329833100574,-7.280086883843472,22.793977223244195,1.9333085767172424,-10.56957881836355,23.379834465652472,0.9478115559986948,-10.56957881836355,23.379834465652472,0.9478115559986948,-10.56957881836355,23.379834465652472,0.9478115559986948,-10.56957881836355,23.379834465652472,0.9478115559986948,-11.227334670115567,23.628485693026406,0.8169426360390156,-11.227334670115567,23.628485693026406,0.8169426360390156,0.8509562997120796,21.410135285488952,1.5210935840764177,1.1291761418842563,23.138798797925038,1.6483554679766248,1.2139756751058322,24.862998801193385,2.0337533964801837,1.2139756751058322,24.862998801193385,2.0337533964801837,1.156638,17.37628,0.888688,2.0459319966142453,15.351082187811768,0.03007457097978483,2.298057803861766,8.003531064604868,-1.0709670597412413,2.137398369214046,0.5314967166299205,-1.7984507291395837,-0.13619579907185075,-0.015213613289672412,-2.3886447452017334,-0.13619579907185075,-0.015213613289672412,-2.3886447452017334,1.156638,17.37628,0.888688,0.22325461881392517,15.160871836707837,0.9503259618748982,0.9594532532172538,8.210813531100012,2.495890088126001,2.463531786750935,1.0272732484729152,3.9976200841429166,0.4920701053545675,-0.10720090105999014,4.655632536173573,0.4920701053545675,-0.10720090105999014,4.655632536173573
0.374985,1.156702,17.378692,0.904548,1.156702,17.378692,0.904548,1.0095812905308283,19.39647317841542,1.2024343512781006,0.8060477659854385,21.40993576901086,1.5301133772453155,0.8060477659854385,21.40993576901086,1.5301133772453155,3.9405775948014923,22.6582562884356,2.241754591654345,3.8888745715220017,20.642716758575688,-2.5968860036942965,1.9532897601977544,23.461903359283,-2.1870014620691705,1.9532897601977544,23.461903359283,-2.1870014620691705,1.9532897601977544,23.461903359283,-2.1870014620691705,1.9532897601977544,23.461903359283,-2.1870014620691705,1.8184101434304576,24.062627445075975,-2.0949055195477864,1.8184101434304576,24.062627445075975,-2.0949055195477864,0.8060477659854385,21.40993576901086,1.5301133772453155,-2.3257185756509298,23.089163825291475,1.9959697721714722,-7.298382092039678,23.21499183967068,1.7008869641773927,-10.649489464776096,23.7840250402161,0.9383445937685998,-10.649489464776096,23.7840250402161,0.9383445937685998,-10.649489464776096,23.7840250402161,0.9383445937685998,-10.649489464776096,23.7840250402161,0.9383445937685998,-11.318239573333983,24.020428907135518,0.8462393734531347,-11.318239573333983,24.020428907135518,0.8462393734531347,0.8060477659854385,21.40993576901086,1.5301133772453155,1.0879774316927888,23.13794539430843,1.6580891771963029,1.176687211133969,24.862158799803762,2.042545784294809,1.176687211133969,24.862158799803762,2.042545784294809,1.156702,17.378692,0.904548,2.0463358015305233,15.354328342966978,0.04432099818115676,2.2889787676226376,8.007618913687672,-1.0644407238062883,2.134927354597523,0.5352984508781962,-1.790413384258284,-0.1348871498065516,-0.024106724817061442,-2.3832536397253388,-0.1348871498065516,-0.024106724817061442,-2.3832536397253388,1.156702,17.378692,0.904548,0.22630245368858448,15.162118666756461,0.9693279905614207,0.9776299513097851,8.211660126309395,2.5057850898143483,2.4645760465046487,1.020102255719956,3.986049563497293,0.48952211335548435,-0.105564570637521,4.6484009063586935,0.48952211335548435,-0.105564570637521,4.6484009063586935
0.383318,1.154261,17.383882,0.918284,1.154261,17.383882,0.918284,0.9870555248104131,19.40062634023674,1.2125734163739061,0.76142046888087,21.41249537802302,1.5355329180650235,0.76142046888087,21.41249537802302,1.5355329180650235,3.882304583287043,22.658013753047758,2.3093422659815057,3.956968034882289,20.622167508917503,-2.5204891026334093,2.034092057689687,23.45794994958669,-2.169500620731348,2.034092057689687,23.45794994958669,-2.169500620731348,2.034092057689687,23.45794994958669,-2.169500620731348,2.034092057689687,23.45794994958669,-2.169500620731348,1.9007096191450128,24.060060860935497,-2.084558426136507,1.9007096191450128,24.060060860935497,-2.084558426136507,0.76142046888087,21.41249537802302,1.5355329180650235,-2.344328579973432,23.157257056430186,1.9291304223792827,-7.290059504925751,23.605233738196,1.5176070201718508,-10.678477759828537,24.163699929698097,0.9328613349456067,-10.678477759828537,24.163699929698097,0.9328613349456067,-10.678477759828537,24.163699929698097,0.9328613349456067,-10.678477759828537,24.163699929698097,0.9328613349456067,-11.354500890273734,24.389137351205502,0.871480851995654,-11.354500890273734,24.389137351205502,0.871480851995654,0.76142046888087,21.41249537802302,1.5355329180650235,1.0454823036237146,23.140039755851756,1.6650655532380016,1.1359385723681987,24.864175251266843,2.049464606689744,1.1359385723681987,24.864175251266843,2.049464606689744,1.154261,17.383882,0.918284,2.0449208413032696,15.360114326249331,0.05771647727360951,2.277148536256229,8.014362291066846,-1.0595860505626087,2.132258384657659,0.5415949847040551,-1.7828404106774567,-0.13342175159108383,-0.03264550661986987,-2.3773090657232334,-0.13342175159108383,-0.03264550661986987,-2.3773090657232334,1.154261,17.383882,0.918284,0.22805313428403517,15.16571268132608,0.9882909123697903,0.9997250015655451,8.216101520979066,2.518485213178191,2.4646067249891446,1.015566242933386,3.976946544204524,0.48658037373918606,-0.10309571042996568,4.642288811055253,0.48658037373918606,-0.10309571042996568,4.642288811055253
0.391651,1.149404,17.39146,0.929913,1.149404,17.39146,0.929913,0.9651399480707393,19.407339411202074,1.2199106276768124,0.7207336599598584,21.417837640537787,1.537705340612417,0.7207336599598584,21.417837640537787,1.537705340612417,3.8281095196717203,22.660180416240216,2.368857720829153,4.014481861453014,20.604422212417298,-2.449507060674394,2.1033720184902753,23.45411824586508,-2.1508455901380743,2.1033720184902753,23.45411824586508,-2.1508455901380743,2.1033720184902753,23.45411824586508,-2.1508455901380743,2.1033720184902753,23.45411824586508,-2.1508455901380743,1.971116482679434,24.057316755779823,-2.0720824529226185,1.971116482679434,24.057316755779823,-2.0720824529226185,0.7207336599598584,21.417837640537787,1.537705340612417,-2.354665316449482,23.228593241483956,1.8661482638768074,-7.260197655138226,23.958048598199884,1.3824785866823768,-10.66782529165656,24.51951923819141,0.9263920983230189,-10.66782529165656,24.51951923819141,0.9263920983230189,-10.66782529165656,24.51951923819141,0.9263920983230189,-10.66782529165656,24.51951923819141,0.9263920983230189,-11.348145046415715,24.73699997633902,0.8881294870789457,-11.348145046415715,24.73699997633902,0.8881294870789457,0.7207336599598584,21.417837640537787,1.537705340612417,1.0053474022480575,23.145149720418196,1.6691108325064814,1.0953656788767057,24.86924625450063,2.0537873543241636,1.0953656788767057,24.86924625450063,2.0537873543241636,1.149404,17.39146,0.929913,2.041345750921816,15.367890722028857,0.0702070609639367,2.2631193057153003,8.023163161366774,-1.0559195542286388,2.129261740470097,0.5498777312657772,-1.7759391879656627,-0.13205024489753958,-0.04042774480091271,-2.3713039108526974,-0.13205024489753958,-0.04042774480091271,-2.3713039108526974,1.149404,17.39146,0.929913,0.22790487590130515,15.17155803219764,1.006800724849618,1.0247353977097058,8.223982980611838,2.5333423623744826,2.463434715284399,1.0136952434339959,3.9695147854535944,0.48317260355853087,-0.09977990103394618,4.6369038891368195,0.48317260355853087,-0.09977990103394618,4.6369038891368195
0.399984,1.142401,17.400831,0.939581,1.142401,17.400831,0.939581,0.9453545449700441,19.416206743240416,1.2246335802694395,0.686929016549115,21.425886095800447,1.5364607592552635,0.686929016549115,21.425886095800447,1.5364607592552635,3.780829271617754,22.66542068731978,2.4204006854455065,4.061310874167694,20.588249083856006,-2.384201671711091,2.1616836332641745,23.450106062446547,-2.132213639039104,2.1616836332641745,23.450106062446547,-2.132213639039104,2.1616836332641745,23.450106062446547,-2.132213639039104,2.1616836332641745,23.450106062446547,-2.132213639039104,2.030355053510876,24.05418300557369,-2.0588143759491655,2.030355053510876,24.05418300557369,-2.0588143759491655,0.686929016549115,21.425886095800447,1.5364607592552635,-2.3543044001890685,23.301523753132873,1.8151579921290848,-7.213320338150693,24.2711587746843,1.2859500560435781,-10.62795593304072,24.852742947453592,0.9155261398417693,-10.62795593304072,24.852742947453592,0.9155261398417693,-10.62795593304072,24.852742947453592,0.9155261398417693,-10.62795593304072,24.852742947453592,0.9155261398417693,-11.31017835201781,25.066493306248248,0.8936121543483422,-11.31017835201781,25.066493306248248,0.8936121543483422,0.686929016549115,21.425886095800447,1.5364607592552635,0.9708199124166288,23.153218967402186,1.6691503098145528,1.0586350981777584,24.87747711138499,2.0536116491696434,1.0586350981777584,24.87747711138499,2.0536116491696434,1.142401,17.400831,0.939581,2.035478451814596,15.376953703419495,0.08178127696067983,2.2477549846733194,8.033255108628124,-1.0528540062280156,2.126312944958444,0.5594343856011585,-1.7695107382431214,-0.13050808905927314,-0.04730816628382317,-2.3653915146131133,-0.13050808905927314,-0.04730816628382317,-2.3653915146131133,1.142401,17.400831,0.939581,0.2254648062211052,15.179332015839304,1.0244773162408267,1.0514411946730498,8.234863026297626,2.5496595374897737,2.4612157487879562,1.0143999053828008,3.9632168352952206,0.47955925708197333,-0.09567086791170176,4.632136540010876,0.47955925708197333,-0.09567086791170176,4.632136540010876
0.408317,1.133899,17.411334,0.947539,1.133899,17.411334,0.947539,0.9285304335612963,19.426590867489523,1.2275125261685127,0.6610314099257182,21.436034132805325,1.5331480594937197,0.6610314099257182,21.436034132805325,1.5331480594937197,3.741838076326684,22.673864027887642,2.463965990186867,4.097706131915702,20.57250721539464,-2.325102090724131,2.209943428246988,23.445539461737223,-2.114520336972555,2.209943428246988,23.445539461737223,-2.114520336972555,2.209943428246988,23.445539461737223,-2.114520336972555,2.209943428246988,23.445539461737223,-2.114520336972555,2.0795172362071304,24.050363524180995,-2.0458147126103805,2.0795172362071304,24.050363524180995,-2.0458147126103805,0.6610314099257182,21.436034132805325,1.5331480594937197,-2.341166709397414,23.378634222221724,1.7737739293249757,-7.154587914635768,24.54219067546254,1.2193357622735002,-10.566791234796154,25.166019767412298,0.8985616368774942,-10.566791234796154,25.166019767412298,0.8985616368774942,-10.566791234796154,25.166019767412298,0.8985616368774942,-10.566791234796154,25.166019767412298,0.8985616368774942,-11.249012913912976,25.380573585953137,0.8868523630926218,-11.249012913912976,25.380573585953137,0.8868523630926218,0.6610314099257182,21.436034132805325,1.5331480594937197,0.9430414493068529,23.163631801064028,1.6663998557868325,1.027301501684166,24.88825508612156,2.050018082166583,1.027301501684166,24.88825508612156,2.050018082166583,1.133899,17.411334,0.947539,2.027600972168038,15.386581872042363,0.09245852620003236,2.2321295059631376,8.043820972509153,-1.0496439449249653,2.123335412186701,0.5695356024274103,-1.7634809657086885,-0.12898942166247807,-0.05330910476140438,-2.3597601931291505,-0.12898942166247807,-0.05330910476140438,-2.3597601931291505,1.133899,17.411334,0.947539,0.22079247045617856,15.188606276030406,1.0411073461507103,1.0783744511495443,8.248033444408845,2.5665808019495,2.457898932108681,1.0173314672462475,3.957464453442782,0.47580086462968607,-0.0910744147924798,4.627835094027515,0.47580086462968607,-0.0910744147924798,4.627835094027515
0.41665,1.124594,17.422212,0.95392,1.124594,17.422212,0.95392,0.9155049253575789,19.43777444022256,1.2288954058624784,0.6440810552225732,21.44765972840645,1.528096432703796,0.6440810552225732,21.44765972840645,1.528096432703796,3.7122875835503897,22.6857016991858,2.499371554960793,4.1242583950144525,20.55617895027014,-2.2727274090541343,2.249173903327392,23.439942376288382,-2.098734188800536,2.249173903327392,23.439942376288382,-2.098734188800536,2.249173903327392,23.439942376288382,-2.098734188800536,2.249173903327392,23.439942376288382,-2.098734188800536,2.119773132386883,24.045443285997628,-2.034176542303188,2.119773132386883,24.045443285997628,-2.034176542303188,0.6440810552225732,21.44765972840645,1.528096432703796,-2.315010043390947,23.457892646161323,1.7461169610513618,-7.091976157422629,24.760337986139902,1.1852962394645785,-10.49034808771373,25.460224976954077,0.874785857836818,-10.49034808771373,25.460224976954077,0.874785857836818,-10.49034808771373,25.460224976954077,0.874785857836818,-10.49034808771373,25.460224976954077,0.874785857836818,-11.170837507138627,25.680434584604708,0.8685612012902563,-11.170837507138627,25.680434584604708,0.8685612012902563,0.6440810552225732,21.44765972840645,1.528096432703796,0.9233790648258743,23.175756102602463,1.660591527791228,1.0031632124402439,24.90102481069653,2.0422596428609547,1.0031632124402439,24.90102481069653,2.0422596428609547,1.124594,17.422212,0.95392,2.01802004340535,15.395937482345186,0.1021638755912474,2.216818359687088,8.053969409484033,-1.0460310773374921,2.1204112063828617,0.5793007071007734,-1.757631169316078,-0.12753980000921628,-0.058621297550562224,-2.3544756987728412,-0.12753980000921628,-0.058621297550562224,-2.3544756987728412,1.124594,17.422212,0.95392,0.2140585881341055,15.198827214953804,1.0564990717607292,1.103799616776735,8.2625740347831,2.583201423734341,2.4537945369701344,1.0220526667942602,3.951799335193005,0.47213121486134746,-0.08613539208501186,4.623813358979829,0.47213121486134746,-0.08613539208501186,4.623813358979829
0.424983,1.115333,17.43288,0.958888,1.115333,17.43288,0.958888,0.9067675588177824,19.449155065745725,1.2289935004929387,0.6361851490562384,21.460134838235362,1.5215282122198608,0.6361851490562384,21.460134838235362,1.5215282122198608,3.6926028039559156,22.700794671038523,2.526062374449495,4.142011622597066,20.538427409692705,-2.227853395816881,2.280674223575603,23.432830977934085,-2.085874312654655,2.280674223575603,23.432830977934085,-2.085874312654655,2.280674223575603,23.432830977934085,-2.085874312654655,2.280674223575603,23.432830977934085,-2.085874312654655,2.1525703055929983,24.038991772513267,-2.025029606947084,2.1525703055929983,24.038991772513267,-2.025029606947084,0.6361851490562384,21.460134838235362,1.5215282122198608,-2.278693072456533,23.534401723887846,1.7352834580878724,-7.026052640543979,24.939793135455687,1.171598163282393,-10.400912331595993,25.738377850153636,0.8433074494887963,-10.400912331595993,25.738377850153636,0.8433074494887963,-10.400912331595993,25.738377850153636,0.8433074494887963,-10.400912331595993,25.738377850153636,0.8433074494887963,-11.077648414764392,25.969907172332046,0.838912644657892,-11.077648414764392,25.969907172332046,0.838912644657892,0.6361851490562384,21.460134838235362,1.5215282122198608,0.9123272658292866,23.188925159773046,1.6515626784268562,0.9873849929334381,24.915136120066048,2.0299146753374933,0.9873849929334381,24.915136120066048,2.0299146753374933,1.115333,17.43288,0.958888,2.0071955624010496,15.404357570635252,0.11085207225190297,2.202201719735455,8.062971173794667,-1.0417042058905888,2.1171874410707248,0.5880177497703878,-1.7517641481425066,-0.12663252777206635,-0.06344143535676627,-2.3495303909463328,-0.12663252777206635,-0.06344143535676627,-2.3495303909463328,1.115333,17.43288,0.958888,0.20573120387257282,15.209560135189703,1.0707381489569,1.1260028778358624,8.277580195415258,2.59875042301282,2.448725741248868,1.028020202833165,3.945962488226635,0.46828161789155454,-0.08111434129406248,4.620006093257622,0.46828161789155454,-0.08111434129406248,4.620006093257622
0.43331600000000003,1.106861,17.44277,0.96254,1.106861,17.44277,0.96254,0.9019954381203384,19.460065493388278,1.2278146865252568,0.6357856578106684,21.472599741950887,1.5135930877910033,0.6357856578106684,21.472599741950887,1.5135930877910033,3.6816018549127363,22.718883897137864,2.5430560948974197,4.152114785071757,20.51891609918401,-2.1915267674590133,2.3054355053018694,23.423894511892424,-2.0767093111787163,2.3054355053018694,23.423894511892424,-2.0767093111787163,2.3054355053018694,23.423894511892424,-2.0767093111787163,2.3054355053018694,23.423894511892424,-2.0767093111787163,2.1789920694289173,24.030726968186514,-2.019176464797497,2.1789920694289173,24.030726968186514,-2.019176464797497,0.6357856578106684,21.472599741950887,1.5135930877910033,-2.238052552176667,23.601737436412673,1.742975051202987,-6.944182075311469,25.12680877951733,1.1456549444595656,-10.297872555380714,26.004648753316484,0.8030948506173119,-10.297872555380714,26.004648753316484,0.8030948506173119,-10.297872555380714,26.004648753316484,0.8030948506173119,-10.297872555380714,26.004648753316484,0.8030948506173119,-10.96814204186571,26.25423986476001,0.7967734444820713,-10.96814204186571,26.25423986476001,0.7967734444820713,0.6357856578106684,21.472599741950887,1.5135930877910033,0.9085123335852106,23.202238343848535,1.6394893706849454,0.9793721668097827,24.929614201681108,2.013307113993849,0.9793721668097827,24.929614201681108,2.013307113993849,1.106861,17.44277,0.96254,1.995689338228048,15.411291148085525,0.11840442393000916,2.1889128050366633,8.070219566410696,-1.036455016868178,2.114040813479101,0.5950853935785263,-1.7457536306669972,-0.12596017264768777,-0.06817884885379244,-2.3448594062706847,-0.12596017264768777,-0.06817884885379244,-2.3448594062706847,1.106861,17.44277,0.96254,0.1965282386547138,15.22025672731806,1.0840559288903253,1.1438412432306344,8.29203731703017,2.612598117798266,2.4433341597579226,1.0345921185945386,3.939814588348188,0.4647981412679476,-0.0764250216037099,4.616356739232775,0.4647981412679476,-0.0764250216037099,4.616356739232775
0.441649,1.099981,17.451487,0.965091,1.099981,17.451487,0.965091,0.9015803588630282,19.470032798543997,1.2257281235584307,0.6428486067234689,21.484492726075004,1.5047265540317243,0.6428486067234689,21.484492726075004,1.5047265540317243,3.679736025587389,22.739541161751045,2.5498020605158995,4.156094987603953,20.49763171142092,-2.164478347545014,2.3244874018044586,23.412927821318767,-2.0719082003256952,2.3244874018044586,23.412927821318767,-2.0719082003256952,2.3244874018044586,23.412927821318767,-2.0719082003256952,2.3244874018044586,23.412927821318767,-2.0719082003256952,2.200059951850718,24.02044849782654,-2.017318474061963,2.200059951850718,24.02044849782654,-2.017318474061963,0.6428486067234689,21.484492726075004,1.5047265540317243,-2.192843686813135,23.66035820432611,1.7678768936328875,-6.853374744368775,25.301354870141,1.1222228033153971,-10.182879208212015,26.258249294021528,0.7562400709436368,-10.182879208212015,26.258249294021528,0.7562400709436368,-10.182879208212015,26.258249294021528,0.7562400709436368,-10.182879208212015,26.258249294021528,0.7562400709436368,-10.843565179014524,26.532058694118913,0.7453163351789438,-10.843565179014524,26.532058694118913,0.7453163351789438,0.6428486067234689,21.484492726075004,1.5047265540317243,0.9121393209771917,23.215094308897694,1.6246435238413595,0.9794379348340683,24.943868947278148,1.9926072743188672,0.9794379348340683,24.943868947278148,1.9926072743188672,1.099981,17.451487,0.965091,1.984077246801254,15.41638213558033,0.12472856116344011,2.177175103895047,8.075333298769968,-1.0302964587175165,2.110783682823518,0.6001147209183681,-1.739550033294634,-0.12572763467527492,-0.0731659962741048,-2.3405174251359915,-0.12572763467527492,-0.0731659962741048,-2.3405174251359915,1.099981,17.451487,0.965091,0.18721960390727543,15.230543103199551,1.0966658671581875,1.1558782821788287,8.305059831551567,2.6242290141780167,2.4377522729454837,1.041185541623583,3.9332842383833158,0.46161290176742953,-0.07233149854437904,4.612714978882732,0.46161290176742953,-0.07233149854437904,4.612714978882732
0.449982,1.095304,17.458728,0.96678,1.095304,17.458728,0.96678,0.905841816720229,19.478672156258277,1.2232002646143731,0.6574169281034428,21.495342421234536,1.4955183882791911,0.6574169281034428,21.495342421234536,1.4955183882791911,3.6875299584932755,22.762151409256308,2.546053773656091,4.155517606819608,20.474978890982857,-2.1472760722708566,2.3384240096103324,23.39983859904411,-2.0719531936687594,2.3384240096103324,23.39983859904411,-2.0719531936687594,2.3384240096103324,23.39983859904411,-2.0719531936687594,2.3384240096103324,23.39983859904411,-2.0719531936687594,2.2162374483990264,24.008040795467174,-2.0199519107469266,2.2162374483990264,24.008040795467174,-2.0199519107469266,0.6574169281034428,21.495342421234536,1.4955183882791911,-2.1392427911935146,23.71501318395285,1.8062362408325539,-6.776302554571347,25.409722944319228,1.1310143669412893,-10.059181810351776,26.494643144605277,0.7057588854036483,-10.059181810351776,26.494643144605277,0.7057588854036483,-10.059181810351776,26.494643144605277,0.7057588854036483,-10.059181810351776,26.494643144605277,0.7057588854036483,-10.707157652169922,26.797060874510557,0.6893975694723888,-10.707157652169922,26.797060874510557,0.6893975694723888,0.6574169281034428,21.495342421234536,1.4955183882791911,0.9233110075958961,23.226998533646697,1.6075311274496071,0.9872220494536679,24.95744104081148,1.9681864802809603,0.9872220494536679,24.95744104081148,1.9681864802809603,1.095304,17.458728,0.96678,1.972776497694511,15.419370156438902,0.12979217864560422,2.166907695894978,8.078069320031863,-1.0234565849152142,2.1076080259795007,0.6028114384006242,-1.7329242675886074,-0.12572227147649473,-0.07878246282090029,-2.3363454635891596,-0.12572227147649473,-0.07878246282090029,-2.3363454635891596,1.095304,17.458728,0.96678,0.17857102823527793,15.240072867897329,1.1089319182913153,1.1615731430417124,8.31594755439511,2.633485241138337,2.4324491193206113,1.0472936129048414,3.9266365624751316,0.4590599667039892,-0.06914777715078979,4.609254331878841,0.4590599667039892,-0.06914777715078979,4.609254331878841
0.45831500000000003,1.093425,17.464399,0.967879,1.093425,17.464399,0.967879,0.9145221970587079,19.48581305482,1.220268919521203,0.6782017271687635,21.50481901102545,1.4859729422944983,0.6782017271687635,21.50481901102545,1.4859729422944983,3.7041650259699117,22.785937467692285,2.5311026946678874,4.152047724971491,20.451639551849524,-2.1409386084486854,2.3479349498550146,23.384804205728116,-2.0774626539556977,2.3479349498550146,23.384804205728116,-2.0774626539556977,2.3479349498550146,23.384804205728116,-2.0774626539556977,2.3479349498550146,23.384804205728116,-2.0774626539556977,2.2281107236699245,23.993661010006157,-2.027671614566296,2.2281107236699245,23.993661010006157,-2.027671614566296,0.6782017271687635,21.50481901102545,1.4859729422944983,-2.081151227760024,23.76128024723183,1.8589922768118177,-6.705228227990629,25.47897926153798,1.1535059252854296,-9.923458804544104,26.715062995850708,0.6532267717083676,-9.923458804544104,26.715062995850708,0.6532267717083676,-9.923458804544104,26.715062995850708,0.6532267717083676,-9.923458804544104,26.715062995850708,0.6532267717083676,-10.554889539120921,27.050271458301015,0.6302619783611183,-10.554889539120921,27.050271458301015,0.6302619783611183,0.6782017271687635,21.50481901102545,1.4859729422944983,0.940767586649689,23.23757602235973,1.5884020202311098,1.001624732341033,24.969887097335093,1.940514108543911,1.001624732341033,24.969887097335093,1.940514108543911,1.093425,17.464399,0.967879,1.9622158305797874,15.420251618351017,0.13352236989624855,2.1578054361051064,8.078444242926128,-1.016250117062432,2.104373856221146,0.6031665046531494,-1.7259747414425648,-0.12608346481224553,-0.08520592211703393,-2.332320471707962,-0.12608346481224553,-0.08520592211703393,-2.332320471707962,1.093425,17.464399,0.967879,0.17144756600504552,15.248674253154446,1.1213669865666631,1.160713142707479,8.324208475993368,2.640312235308915,2.4274866390095626,1.0524342706487317,3.9198750605156345,0.45704204893760925,-0.06709640030668762,4.605930698526342,0.45704204893760925,-0.06709640030668762,4.605930698526342
0.466648,1.094669,17.468486,0.968748,1.094669,17.468486,0.968748,0.9275227162188491,19.491394558189015,1.21719266269935,0.704560813284531,21.512753364268416,1.4764755397374554,0.704560813284531,21.512753364268416,1.4764755397374554,3.7294590174057154,22.809893825239637,2.5047906977584806,4.146953102420299,20.428536860323824,-2.1462686766878165,2.3532387960284287,23.368193923234642,-2.0887158451009924,2.3532387960284287,23.368193923234642,-2.0887158451009924,2.3532387960284287,23.368193923234642,-2.0887158451009924,2.3532387960284287,23.368193923234642,-2.0887158451009924,2.2357233696024994,23.977643498112602,-2.0407060426331065,2.2357233696024994,23.977643498112602,-2.0407060426331065,0.704560813284531,21.512753364268416,1.4764755397374554,-2.020480036939784,23.797275471434038,1.9235779561705155,-6.642769081467927,25.50854592864861,1.1912621697096815,-9.773475139264747,26.917763324053404,0.6013671063612795,-9.773475139264747,26.917763324053404,0.6013671063612795,-9.773475139264747,26.917763324053404,0.6013671063612795,-9.773475139264747,26.917763324053404,0.6013671063612795,-10.38416159805282,27.288885888500186,0.5709211080803068,-10.38416159805282,27.288885888500186,0.5709211080803068,0.704560813284531,21.512753364268416,1.4764755397374554,0.9637009209342016,23.246632850037035,1.5680601472764528,1.0214672845627957,24.980956728293613,1.9106559848784086,1.0214672845627957,24.980956728293613,1.9106559848784086,1.094669,17.468486,0.968748,1.9526879804476986,15.419157472739265,0.1359556921903997,2.1496984244926085,8.076634565563872,-1.008994894490886,2.101271123490534,0.6013349516817836,-1.718848203077905,-0.12654687781684348,-0.09265626124455484,-2.328483137224424,-0.12654687781684348,-0.09265626124455484,-2.328483137224424,1.094669,17.468486,0.968748,0.16652283720192873,15.256220136759366,1.1344632842178166,1.1533768863879978,8.329527849512669,2.6448011247032506,2.4230876204064535,1.0562701568896635,3.912970433872413,0.4556476281170425,-0.06629807256996245,4.602675871829897,0.4556476281170425,-0.06629807256996245,4.602675871829897
0.474981,1.099099,17.471083,0.969801,1.099099,17.471083,0.969801,0.9445303060650873,19.49547121550012,1.2143056772548304,0.7356455573781435,21.519085638801023,1.4676490627507788,0.7356455573781435,21.519085638801023,1.4676490627507788,3.7628963078177615,22.833083913865188,2.467236983891869,4.140880458580955,20.406797244087933,-2.1639374446773045,2.3540896463024965,23.350657469337285,-2.105863730725871,2.3540896463024965,23.350657469337285,-2.105863730725871,2.3540896463024965,23.350657469337285,-2.105863730725871,2.3540896463024965,23.350657469337285,-2.105863730725871,2.2386526628260452,23.960605762958856,-2.059162736582376,2.2386526628260452,23.960605762958856,-2.059162736582376,0.7356455573781435,21.519085638801023,1.4676490627507788,-1.9592831004794777,23.821920737210636,1.995947749944409,-6.590735497260219,25.500514762179623,1.2461079032489144,-9.606473355435817,27.100679677311447,0.5532964651594297,-9.606473355435817,27.100679677311447,0.5532964651594297,-9.606473355435817,27.100679677311447,0.5532964651594297,-9.606473355435817,27.100679677311447,0.5532964651594297,-10.191969988963603,27.509694766077224,0.5146025781803101,-10.191969988963603,27.509694766077224,0.5146025781803101,0.7356455573781435,21.519085638801023,1.4676490627507788,0.9908802926767548,23.25411146511615,1.5477740826669355,1.04501337829026,24.9905062170675,1.8803264091326566,1.04501337829026,24.9905062170675,1.8803264091326566,1.099099,17.471083,0.969801,1.9443030682031317,15.416357160297952,0.1372033671943379,2.142247579968465,8.072976045947279,-1.0020680592268758,2.0986235064964793,0.5976213413158007,-1.711652600108187,-0.12674039909303714,-0.10117680529484019,-2.3247498529913733,-0.12674039909303714,-0.10117680529484019,-2.3247498529913733,1.099099,17.471083,0.969801,0.16427570839467587,15.26266168606619,1.1487362347500358,1.14027024153851,8.331848074751711,2.6471769928353535,2.4194719328294925,1.0586127697472785,3.9059015215291217,0.45501164023569474,-0.06674695495451632,4.599540039088083,0.45501164023569474,-0.06674695495451632,4.599540039088083
0.483314,1.106635,17.472187,0.971496,1.106635,17.472187,0.971496,0.9652252317591454,19.49802555044099,1.2119187742815272,0.7707665578102728,21.523728307840102,1.4600018373706458,0.7707665578102728,21.523728307840102,1.4600018373706458,3.803789740183371,22.854638701181532,2.418887902074437,4.133871013789578,20.38726891739646,-2.19420740507877,2.3500959154174454,23.33281222613536,-2.1291843040222678,2.3500959154174454,23.33281222613536,-2.1291843040222678,2.3500959154174454,23.33281222613536,-2.1291843040222678,2.3500959154174454,23.33281222613536,-2.1291843040222678,2.2363828705373825,23.94314921360839,-2.0833399363589122,2.2363828705373825,23.94314921360839,-2.0833399363589122,0.7707665578102728,21.523728307840102,1.4600018373706458,-1.8994537324259206,23.834133456204714,2.0737942422774136,-6.54906845236367,25.458815410378207,1.3176325506259512,-9.41925473767263,27.261329166454324,0.5125455240376823,-9.41925473767263,27.261329166454324,0.5125455240376823,-9.41925473767263,27.261329166454324,0.5125455240376823,-9.41925473767263,27.261329166454324,0.5125455240376823,-9.97474355533287,27.709368727419882,0.46469583371248246,-9.97474355533287,27.709368727419882,0.46469583371248246,0.7707665578102728,21.523728307840102,1.4600018373706458,1.0213014949931043,23.259931642278595,1.5286286079158293,1.0709612929331338,24.998372626848624,1.8510336684154214,1.0709612929331338,24.998372626848624,1.8510336684154214,1.106635,17.472187,0.971496,1.9370793675814764,15.412027707038597,0.13747390714096464,2.134855569852073,8.067722630088946,-0.9958553097713062,2.0963720257092073,0.5922542471829226,-1.7045390992730711,-0.1267129974488448,-0.11075200130225837,-2.3210833376705704,-0.1267129974488448,-0.11075200130225837,-2.3210833376705704,1.106635,17.472187,0.971496,0.16496160017304062,15.267873524348122,1.1646032596197884,1.1221744176040511,8.331149607005958,2.647732473720491,2.41647687130638,1.0592258438340423,3.898573050714903,0.4548160028591255,-0.06831532646729066,4.596577843447921,0.4548160028591255,-0.06831532646729066,4.596577843447921
0.491647,1.116955,17.471696,0.974284,1.116955,17.471696,0.974284,0.9890541350295039,19.498952855802653,1.2102769548544867,0.8090712040306756,21.52654607266043,1.4537988941154052,0.8090712040306756,21.52654607266043,1.4537988941154052,3.85079359902198,22.873972260704612,2.3606517623256202,4.125339162886061,20.37072625460722,-2.23672790182221,2.340743374769327,23.315452851398334,-2.158560567934893,2.340743374769327,23.315452851398334,-2.158560567934893,2.340743374769327,23.315452851398334,-2.158560567934893,2.340743374769327,23.315452851398334,-2.158560567934893,2.228343264766744,23.92606349499905,-2.113124259844009,2.228343264766744,23.92606349499905,-2.113124259844009,0.8090712040306756,21.52654607266043,1.4537988941154052,-1.8423309593785964,23.83339955817464,2.1561399996613986,-6.516890739046263,25.386442540141154,1.4032539774256731,-9.208734629909461,27.39674433763215,0.4824644119836283,-9.208734629909461,27.39674433763215,0.4824644119836283,-9.208734629909461,27.39674433763215,0.4824644119836283,-9.208734629909461,27.39674433763215,0.4824644119836283,-9.72905081789971,27.884088633491345,0.4244689862260729,-9.72905081789971,27.884088633491345,0.4244689862260729,0.8090712040306756,21.52654607266043,1.4537988941154052,1.0539415079955228,23.263963007671734,1.511247436934989,1.0982605244772325,25.00436660274016,1.8236883536712536,1.0982605244772325,25.00436660274016,1.8236883536712536,1.116955,17.471696,0.974284,1.9308923387357322,15.406247820770261,0.13707623670086333,2.1268352559350823,8.06103841767836,-0.9906971453798195,2.094481120575237,0.5853717325616499,-1.6975932222265282,-0.12651190300901227,-0.12136686921385142,-2.317401371132708,-0.12651190300901227,-0.12136686921385142,-2.317401371132708,1.116955,17.471696,0.974284,0.16857114634859438,15.271626669674959,1.1823707907783298,1.1001167534591154,8.327449080257383,2.6468460338274586,2.4138335583360835,1.0578389451807517,3.8908769211751046,0.45461992321051103,-0.07082900485497912,4.593915849471524,0.45461992321051103,-0.07082900485497912,4.593915849471524
0.49998,1.129314,17.469521,0.978663,1.129314,17.469521,0.978663,1.0148915946657395,19.49815818596555,1.2096615850071182,0.8490659974589542,21.527437490332094,1.4491577636418707,0.8490659974589542,21.527437490332094,1.4491577636418707,3.9015061958618116,22.89095536984266,2.293812966922671,4.113976044053675,20.35790814049971,-2.290512927636673,2.3249499337287842,23.299390179151366,-2.1936832742990306,2.3249499337287842,23.299390179151366,-2.1936832742990306,2.3249499337287842,23.299390179151366,-2.1936832742990306,2.3249499337287842,23.299390179151366,-2.1936832742990306,2.213398570974139,23.91015647857264,-2.1482473649450555,2.213398570974139,23.91015647857264,-2.1482473649450555,0.8490659974589542,21.527437490332094,1.4491577636418707,-1.7889520579010072,23.820046006009356,2.2426288707018265,-6.493427938381059,25.284836849008272,1.4992692832557748,-8.972917835545365,27.502902891349514,0.4660688403247888,-8.972917835545365,27.502902891349514,0.4660688403247888,-8.972917835545365,27.502902891349514,0.4660688403247888,-8.972917835545365,27.502902891349514,0.4660688403247888,-9.452673009466011,28.028925699947163,0.3972804290085442,-9.452673009466011,28.028925699947163,0.3972804290085442,0.8490659974589542,21.527437490332094,1.4491577636418707,1.0872285975519247,23.266109142498163,1.4958361180587838,1.1254671264942198,25.008365844803773,1.7986026511754867,1.1254671264942198,25.008365844803773,1.7986026511754867,1.129314,17.469521,0.978663,1.9254427403792065,15.399174362299181,0.13644518974951092,2.117876403849528,8.053202396479657,-0.9869571273021382,2.093624908543794,0.5772516920989181,-1.6911688647394985,-0.12547760342752978,-0.13285445758901993,-2.313892640612824,-0.12547760342752978,-0.13285445758901993,-2.313892640612824,1.129314,17.469521,0.978663,0.1748192907444065,15.273621896986693,1.202278929639263,1.0757337437451995,8.320813439991596,2.6448027796021525,2.412081235059855,1.054215875018719,3.8823129489693677,0.45484348881735537,-0.07415562053918001,4.591306120231272,0.45484348881735537,-0.07415562053918001,4.591306120231272
0.508313,1.143054,17.465644,0.984894,1.143054,17.465644,0.984894,1.0417569765009493,19.495629864582387,1.2101005008518544,0.8895246733483091,21.526423714165393,1.4457542930400562,0.8895246733483091,21.526423714165393,1.4457542930400562,3.9537254553805052,22.90552952472682,2.2195471048889344,4.098660080857541,20.349047789169244,-2.3543910997765325,2.302299045745853,23.28519812530354,-2.234327682988037,2.302299045745853,23.28519812530354,-2.234327682988037,2.302299045745853,23.28519812530354,-2.234327682988037,2.302299045745853,23.28519812530354,-2.234327682988037,2.191154827235206,23.896012563675757,-2.1885424728466587,2.191154827235206,23.896012563675757,-2.1885424728466587,0.8895246733483091,21.526423714165393,1.4457542930400562,-1.738868355685738,23.795841351182936,2.3323675898154494,-6.476430600890344,25.15620079454588,1.600783583931551,-8.709600912666414,27.576596783600102,0.46507944623890096,-8.709600912666414,27.576596783600102,0.46507944623890096,-8.709600912666414,27.576596783600102,0.46507944623890096,-8.709600912666414,27.576596783600102,0.46507944623890096,-9.143415804027036,28.139702210537525,0.3856201120647808,-9.143415804027036,28.139702210537525,0.3856201120647808,0.8895246733483091,21.526423714165393,1.4457542930400562,1.1201227709658474,23.266365533104196,1.4818983241254842,1.1519231216743515,25.010372070751274,1.7751867653213018,1.1519231216743515,25.010372070751274,1.7751867653213018,1.143054,17.465644,0.984894,1.9203950434648356,15.39090598639591,0.1359593214462531,2.107176974153016,8.044369970404325,-0.9847050705582732,2.0932567064019376,0.5680462944370834,-1.6852275604309486,-0.12421550311022012,-0.14498331750994853,-2.3104134336142206,-0.12421550311022012,-0.14498331750994853,-2.3104134336142206,1.143054,17.465644,0.984894,0.1832922804067053,15.273718116768663,1.2243840177958178,1.0503058866250021,8.31148787243461,2.6420245859627025,2.4105435655138336,1.0481548465588153,3.872651670116582,0.4546664054319949,-0.07801761623494397,4.588859225867873,0.4546664054319949,-0.07801761623494397,4.588859225867873
0.516646,1.157224,17.46016,0.993331,1.157224,17.46016,0.993331,1.0682039201851043,19.491451150076564,1.211856409072642,0.9286348774350894,21.523615345819966,1.4435031384784813,0.9286348774350894,21.523615345819966,1.4435031384784813,4.004558346356194,22.91803844441609,2.1394152165759586,4.07787595360509,20.34452921861757,-2.426676153863008,2.2718095247706493,23.27349783807206,-2.279795692983872,2.2718095247706493,23.27349783807206,-2.279795692983872,2.2718095247706493,23.27349783807206,-2.279795692983872,2.2718095247706493,23.27349783807206,-2.279795692983872,2.1606133216421175,23.88425388195155,-2.233362297948923,2.1606133216421175,23.88425388195155,-2.233362297948923,0.9286348774350894,21.523615345819966,1.4435031384784813,-1.69159906701664,23.76339156315558,2.4246076369396325,-6.463636339772396,25.00328619354622,1.7030741498731823,-8.419013274355539,27.614380624832755,0.48083146194059667,-8.419013274355539,27.614380624832755,0.48083146194059667,-8.419013274355539,27.614380624832755,0.48083146194059667,-8.419013274355539,27.614380624832755,0.48083146194059667,-8.802000357497969,28.211875382762027,0.3918495761823455,-8.802000357497969,28.211875382762027,0.3918495761823455,0.9286348774350894,21.523615345819966,1.4435031384784813,1.1509164558527256,23.26482583092747,1.469122532457407,1.176167534182925,25.010494010043388,1.753011889188652,1.176167534182925,25.010494010043388,1.753011889188652,1.157224,17.46016,0.993331,1.9153084289286795,15.381727184005427,0.1360608912170378,2.0947659213201018,8.034930771779294,-0.9840931558344355,2.094208735525881,0.5581838592618009,-1.6802228393016412,-0.12187251424374068,-0.15746421886770268,-2.3073458943626566,-0.12187251424374068,-0.15746421886770268,-2.3073458943626566,1.157224,17.46016,0.993331,0.1933974063743541,15.271812579075227,1.2486953815254698,1.0254965969009064,8.29976333875059,2.6387341135807008,2.4099031121454075,1.0396024654665865,3.8611002218660264,0.4547235402454717,-0.08219468219043202,4.5860258355214985,0.4547235402454717,-0.08219468219043202,4.5860258355214985
0.524979,1.171099,17.4533,1.004063,1.171099,17.4533,1.004063,1.0932203951966821,19.4858555256298,1.214953074554639,0.9652498075978757,21.51929752839425,1.4420393874466992,0.9652498075978757,21.51929752839425,1.4420393874466992,4.052036814071052,22.9287306093564,2.0546232200426244,4.050587940645404,20.344175239488926,-2.505813935631709,2.2332629804136146,23.264544310467436,-2.3295145678204867,2.2332629804136146,23.264544310467436,-2.3295145678204867,2.2332629804136146,23.264544310467436,-2.3295145678204867,2.2332629804136146,23.264544310467436,-2.3295145678204867,2.1216057622997324,23.875147694451314,-2.2821883170656996,2.1216057622997324,23.875147694451314,-2.2821883170656996,0.9652498075978757,21.51929752839425,1.4420393874466992,-1.6455599935049632,23.72622974923356,2.518102498693721,-6.4514496691249725,24.8306753445521,1.801224996779713,-8.10276405276946,27.61434346410362,0.5129925332230265,-8.10276405276946,27.61434346410362,0.5129925332230265,-8.10276405276946,27.61434346410362,0.5129925332230265,-8.10276405276946,27.61434346410362,0.5129925332230265,-8.431071516403042,28.24244110182061,0.41653303697294,-8.431071516403042,28.24244110182061,0.41653303697294,0.9652498075978757,21.51929752839425,1.4420393874466992,1.1786888275057952,23.261739543874672,1.4568385215185193,1.197560802519754,25.009010269873293,1.731205126679063,1.197560802519754,25.009010269873293,1.731205126679063,1.171099,17.4533,1.004063,1.9097734529131587,15.371900635624469,0.13710063057985744,2.08042951194006,8.025159322495035,-0.9847889321109751,2.0963171467121726,0.5479692832488263,-1.6759603584290996,-0.11862160499504837,-0.17001686722711273,-2.304445694304486,-0.11862160499504837,-0.17001686722711273,-2.304445694304486,1.171099,17.4533,1.004063,0.20457957572633534,15.268035428765717,1.2751645691764981,1.002889685441379,8.286162110706206,2.6353900241270463,2.4099290228067147,1.02863920350579,3.8475359570360044,0.45485123762226265,-0.086480605299184,4.582962234842974,0.45485123762226265,-0.086480605299184,4.582962234842974
0.533312,1.184267,17.445406,1.017133,1.184267,17.445406,1.017133,1.1163564799408325,19.479186028658383,1.219490657862515,0.9990242637483261,21.513863866985066,1.4411893016689525,0.9990242637483261,21.513863866985066,1.4411893016689525,4.0952734110124505,22.93775994065812,1.9663328767459378,4.016091697476015,20.34760368973106,-2.5902378142479945,2.1868732734397405,23.258481755040187,-2.382738814326452,2.1868732734397405,23.258481755040187,-2.382738814326452,2.1868732734397405,23.258481755040187,-2.382738814326452,2.1868732734397405,23.258481755040187,-2.382738814326452,2.0744486546121963,23.868858288076645,-2.3343157423475227,2.0744486546121963,23.868858288076645,-2.3343157423475227,0.9990242637483261,21.513863866985066,1.4411893016689525,-1.5984853764293336,23.68818006403511,2.611694410043092,-6.435578060422115,24.644244602377594,1.891441700928108,-7.764273889675255,27.57648949724053,0.5603904083493556,-7.764273889675255,27.57648949724053,0.5603904083493556,-7.764273889675255,27.57648949724053,0.5603904083493556,-7.764273889675255,27.57648949724053,0.5603904083493556,-8.035488551354868,28.230526613090234,0.45902509879519204,-8.035488551354868,28.230526613090234,0.45902509879519204,0.9990242637483261,21.513863866985066,1.4411893016689525,1.2033140647787177,23.257461582786966,1.4446663040206054,1.2161852897809151,25.006293417553366,1.7092598048374805,1.2161852897809151,25.006293417553366,1.7092598048374805,1.184267,17.445406,1.017133,1.903497771393202,15.36175105496514,0.1393083142495266,2.064105300789768,8.015374601647206,-0.9864473568607568,2.099120882039888,0.5377737959418862,-1.6724512490398626,-0.11491438924285946,-0.18233010138354144,-2.301696668628007,-0.11491438924285946,-0.18233010138354144,-2.301696668628007,1.184267,17.445406,1.017133,0.21634445484252462,15.262726786163896,1.303619475533642,0.9834385935743508,8.271287672794092,2.632307947435968,2.410185809139632,1.0154862731249361,3.8316555365592535,0.4546314107370957,-0.09052345425298003,4.579467426030075,0.4546314107370957,-0.09052345425298003,4.579467426030075
0.541645,1.196303,17.436753,1.032251,1.196303,17.436753,1.032251,1.1370687203267569,19.471702194739173,1.2253694619397761,1.0293730389269884,21.507591898359166,1.4407430868383255,1.0293730389269884,21.507591898359166,1.4407430868383255,4.13308345223607,22.945638968837354,1.8755038008016272,3.9737232668182703,20.35433041993894,-2.6783121754659254,2.1327908407018237,23.255313137164208,-2.4383662112712314,2.1327908407018237,23.255313137164208,-2.4383662112712314,2.1327908407018237,23.255313137164208,-2.4383662112712314,2.1327908407018237,23.255313137164208,-2.4383662112712314,2.0193555247507176,23.865401713073787,-2.388687649097034,2.0193555247507176,23.865401713073787,-2.388687649097034,1.0293730389269884,21.507591898359166,1.4407430868383255,-1.5481801920280236,23.651915017492353,2.7067948893504887,-6.411637308216671,24.449420483561898,1.9712278219914303,-7.409453154794703,27.501719697969737,0.6210340152943847,-7.409453154794703,27.501719697969737,0.6210340152943847,-7.409453154794703,27.501719697969737,0.6210340152943847,-7.409453154794703,27.501719697969737,0.6210340152943847,-7.622713626113059,28.17659356853309,0.5177765806762937,-7.622713626113059,28.17659356853309,0.5177765806762937,1.0293730389269884,21.507591898359166,1.4407430868383255,1.2241896644115562,23.252256532279908,1.4323048120736253,1.2313873365050185,25.00260850387256,1.6868717864795046,1.2313873365050185,25.00260850387256,1.6868717864795046,1.196303,17.436753,1.032251,1.8962700392596794,15.351496894454854,0.14273420440998108,2.0456047181938093,8.005827913135017,-0.9891730240956078,2.102959853787622,0.527866043976192,-1.6697153903944826,-0.11040436064915271,-0.19414132566892994,-2.2991403787201845,-0.11040436064915271,-0.19414132566892994,-2.2991403787201845,1.196303,17.436753,1.032251,0.22823185089095255,15.256159266732288,1.333724589716037,0.9670280804949891,8.255562381892041,2.629830579243083,2.4109098428234867,1.0005424029553742,3.8132944653608467,0.4543785899358941,-0.09401329394896818,4.575269810794251,0.4543785899358941,-0.09401329394896818,4.575269810794251
0.549978,1.207229,17.427801,1.049419,1.207229,17.427801,1.049419,1.1557416983375424,19.46386307935157,1.232781843002844,1.0570919964267311,21.500966060431033,1.4408941304586207,1.0570919964267311,21.500966060431033,1.4408941304586207,4.166236032597915,22.952220691145193,1.7830898992399886,3.923209213768554,20.36373440853681,-2.768634207082574,2.0715399251123294,23.254931414770596,-2.4954900958662707,2.0715399251123294,23.254931414770596,-2.4954900958662707,2.0715399251123294,23.254931414770596,-2.4954900958662707,2.0715399251123294,23.254931414770596,-2.4954900958662707,1.9570285711839928,23.864703363392124,-2.4444124941625347,1.9570285711839928,23.864703363392124,-2.4444124941625347,1.0570919964267311,21.500966060431033,1.4408941304586207,-1.492896626900071,23.62002530749087,2.8017524598427155,-6.376678252544625,24.251218203897444,2.039806555895119,-7.045245381572487,27.393239152387963,0.6922485323465246,-7.045245381572487,27.393239152387963,0.6922485323465246,-7.045245381572487,27.393239152387963,0.6922485323465246,-7.045245381572487,27.393239152387963,0.6922485323465246,-7.201394829892687,28.08363989161193,0.589481627808644,-7.201394829892687,28.08363989161193,0.589481627808644,1.0570919964267311,21.500966060431033,1.4408941304586207,1.2421980152376513,23.24658297888701,1.419995740562936,1.2440361170398297,24.9984055233334,1.6643368332001347,1.2440361170398297,24.9984055233334,1.6643368332001347,1.207229,17.427801,1.049419,1.8879669462903788,15.341531472250564,0.1474421059142892,2.025884352364657,7.996806741499483,-0.9920161083240389,2.1072620580012624,0.5186285597522753,-1.6677157394955888,-0.10558152524755338,-0.20534038954134293,-2.2967179970696283,-0.10558152524755338,-0.20534038954134293,-2.2967179970696283,1.207229,17.427801,1.049419,0.24000121082648163,15.248877476350257,1.3653300421246737,0.954788638651303,8.239719539918788,2.628204265546514,2.4116167119017136,0.9842278831934186,3.7927595421555775,0.45386979388662096,-0.09697229922278039,4.570516775966734,0.45386979388662096,-0.09697229922278039,4.570516775966734
0.558311,1.217088,17.418801,1.067967,1.217088,17.418801,1.067967,1.1724950748854612,19.455902485797512,1.2413182993642955,1.08232113479946,21.494205094903624,1.4413737357827798,1.08232113479946,21.494205094903624,1.4413737357827798,4.194465624171098,22.958087565816832,1.6896062349177476,3.8644101037856156,20.37509840284554,-2.859761407671268,2.003686794841891,23.257082277076314,-2.552866140312333,2.003686794841891,23.257082277076314,-2.552866140312333,2.003686794841891,23.257082277076314,-2.552866140312333,2.003686794841891,23.257082277076314,-2.552866140312333,1.8881474011021793,23.866532848705784,-2.5002900037599627,1.8881474011021793,23.866532848705784,-2.5002900037599627,1.08232113479946,21.494205094903624,1.4413737357827798,-1.431408214756925,23.59252533099672,2.898427752722805,-6.328023091137338,24.0529501174365,2.097515292811033,-6.678778385070698,27.254879918414492,0.7709382890201657,-6.678778385070698,27.254879918414492,0.7709382890201657,-6.678778385070698,27.254879918414492,0.7709382890201657,-6.678778385070698,27.254879918414492,0.7709382890201657,-6.779606210157955,27.955937104296286,0.6711914123188271,-6.779606210157955,27.955937104296286,0.6711914123188271,1.08232113479946,21.494205094903624,1.4413737357827798,1.2572940536150579,23.24066518343764,1.4075943968473172,1.2538577921703238,24.993887687641738,1.641661093025113,1.2538577921703238,24.993887687641738,1.641661093025113,1.217088,17.418801,1.067967,1.8786253914344937,15.331951267827645,0.15313724181205024,2.0048007513000417,7.9884041848225245,-0.9952370968292248,2.112483647168963,0.5101416225342579,-1.6663069023748285,-0.09997992951100265,-0.21583401050927886,-2.2943323044021104,-0.09997992951100265,-0.21583401050927886,-2.2943323044021104,1.217088,17.418801,1.067967,0.2515070270911468,15.241229233882752,1.3979241074630815,0.9457922321012265,8.22413183131231,2.6277124819175066,2.4127235551733,0.9672081682584137,3.770458144826989,0.45359513545827324,-0.09909376763304656,4.565121067567837,0.45359513545827324,-0.09909376763304656,4.565121067567837
0.566644,1.226391,17.410084,1.087503,1.226391,17.410084,1.087503,1.1881660343912386,19.448140449030483,1.250862811365808,1.106136993825681,21.487613797145478,1.4423066470787889,1.106136993825681,21.487613797145478,1.4423066470787889,4.218900261811368,22.963141055581673,1.595730022386585,3.797767294973272,20.38767953558985,-2.9503848676358357,1.9303896443009443,23.261504357333706,-2.6093004314643906,1.9303896443009443,23.261504357333706,-2.6093004314643906,1.9303896443009443,23.261504357333706,-2.6093004314643906,1.9303896443009443,23.261504357333706,-2.6093004314643906,1.8140573732917766,23.87066458224008,-2.5551319534179933,1.8140573732917766,23.87066458224008,-2.5551319534179933,1.106136993825681,21.487613797145478,1.4423066470787889,-1.3630878233989558,23.569332346280678,2.996065363382063,-6.264500533357337,23.857223084613608,2.145441257539436,-6.317067976070994,27.092075302699854,0.8538693219860789,-6.317067976070994,27.092075302699854,0.8538693219860789,-6.317067976070994,27.092075302699854,0.8538693219860789,-6.317067976070994,27.092075302699854,0.8538693219860789,-6.365573812849016,27.799292518334354,0.7585390471063255,-6.365573812849016,27.799292518334354,0.7585390471063255,1.106136993825681,21.487613797145478,1.4423066470787889,1.2705500631662747,23.234797460002397,1.3954345042230734,1.2618386902135301,24.989325612724755,1.6193613866779168,1.2618386902135301,24.989325612724755,1.6193613866779168,1.226391,17.410084,1.087503,1.868525074089551,15.322942418445725,0.1596070678824647,1.9829461584094688,7.980701165280851,-0.9983086454520348,2.1179993229644687,0.5025183768474957,-1.6653049468081926,-0.09419959774192899,-0.22556520483527798,-2.2918205785440917,-0.09419959774192899,-0.22556520483527798,-2.2918205785440917,1.226391,17.410084,1.087503,0.2628903401378043,15.233707840940902,1.4311458339486802,0.9393665374525819,8.209294313872991,2.6286690713899894,2.4134795461373724,0.950069554376114,3.7473034785283454,0.45298458720975776,-0.10045560250876373,4.559417728478076,0.45298458720975776,-0.10045560250876373,4.559417728478076
0.574977,1.235616,17.401833,1.107312,1.235616,17.401833,1.107312,1.203415125214895,19.440748556392712,1.2609613506750705,1.1292461568461263,21.481334539030204,1.4435506575758137,1.1292461568461263,21.481334539030204,1.4435506575758137,4.240065363802796,22.96774896383758,1.501779553787576,3.723736430739315,20.40071128375036,-3.039281730966679,1.8525413074477208,23.267748938786433,-2.6637409421367355,1.8525413074477208,23.267748938786433,-2.6637409421367355,1.8525413074477208,23.267748938786433,-2.6637409421367355,1.8525413074477208,23.267748938786433,-2.6637409421367355,1.7357795866396797,23.87668007861423,-2.6079451680856045,1.7357795866396797,23.87668007861423,-2.6079451680856045,1.1292461568461263,21.481334539030204,1.4435506575758137,-1.2885890215085019,23.548621215994697,3.0943650959231235,-6.18669798849202,23.66530365031719,2.1859583824537525,-5.965581635599683,26.9102685962051,0.9383605578154341,-5.965581635599683,26.9102685962051,0.9383605578154341,-5.965581635599683,26.9102685962051,0.9383605578154341,-5.965581635599683,26.9102685962051,0.9383605578154341,-5.9648812030596305,27.61991754370494,0.848947201393564,-5.9648812030596305,27.61991754370494,0.848947201393564,1.1292461568461263,21.481334539030204,1.4435506575758137,1.2825198628364445,23.229132501318226,1.3836435547094963,1.268343852607799,24.984845973939343,1.5977870070742577,1.268343852607799,24.984845973939343,1.5977870070742577,1.235616,17.401833,1.107312,1.8579341130871898,15.314523271905742,0.16638411938072917,1.9604242245101668,7.973670407615773,-1.001409785940868,2.123812657033368,0.4957216395103474,-1.6646802301852621,-0.08821998480849214,-0.23455469149407315,-2.289227806676312,-0.08821998480849214,-0.23455469149407315,-2.289227806676312,1.235616,17.401833,1.107312,0.27435373824368325,15.226642352916809,1.4644640930429158,0.9345046573855003,8.195502810480264,2.6312309282509734,2.41396048840204,0.9334537476117593,3.724185666866367,0.4521233047716471,-0.10095922931892476,4.553557599284247,0.4521233047716471,-0.10095922931892476,4.553557599284247
0.58331,1.245385,17.394234,1.126959,1.245385,17.394234,1.126959,1.2190111528516694,19.43390519790217,1.2714148411242754,1.1524363248487604,21.47552199560986,1.4451954125187332,1.1524363248487604,21.47552199560986,1.4451954125187332,4.258897361182744,22.971700648377052,1.408265022017919,3.6431748407293023,20.413680869295852,-3.1254901762295386,1.7712655718857608,23.27547551794156,-2.7151317145153615,1.7712655718857608,23.27547551794156,-2.7151317145153615,1.7712655718857608,23.27547551794156,-2.7151317145153615,1.7712655718857608,23.27547551794156,-2.7151317145153615,1.6545635358355864,23.884263203333706,-2.6576705119816735,1.6545635358355864,23.884263203333706,-2.6576705119816735,1.1524363248487604,21.47552199560986,1.4451954125187332,-1.209026166561863,23.529402959506452,3.1915794917246636,-6.096242485143144,23.477969729921874,2.2206210588927897,-5.629826796284018,26.71538427948368,1.0219577562628976,-5.629826796284018,26.71538427948368,1.0219577562628976,-5.629826796284018,26.71538427948368,1.0219577562628976,-5.629826796284018,26.71538427948368,1.0219577562628976,-5.583631023166376,27.42427197207128,0.9386447474114181,-5.583631023166376,27.42427197207128,0.9386447474114181,1.1524363248487604,21.47552199560986,1.4451954125187332,1.2940225779114387,23.22382158523045,1.3725229639832397,1.274129889679321,24.98058697879021,1.577383424652751,1.274129889679321,24.98058697879021,1.577383424652751,1.245385,17.394234,1.126959,1.8473344317623535,15.306833916211648,0.17306970705172509,1.9383465096049681,7.967317548064263,-1.0040385661259819,2.1295223319921686,0.4897672619356692,-1.6643678505385253,-0.08237448369388334,-0.2429196856972602,-2.2865687160363537,-0.08237448369388334,-0.2429196856972602,-2.2865687160363537,1.245385,17.394234,1.126959,0.28626476908258935,15.220316959578637,1.497377936625211,0.9303202929448875,8.18300318864641,2.635567165457597,2.413749496579294,0.9178639751783475,3.70228466078296,0.4507102724802965,-0.10094831087892797,4.54796289428998,0.4507102724802965,-0.10094831087892797,4.54796289428998
0.591643,1.256184,17.387355,1.145657,1.256184,17.387355,1.145657,1.2355670525083091,19.427676336816468,1.2816182055241672,1.1763095243026573,21.47021897901683,1.4469637332656726,1.1763095243026573,21.47021897901683,1.4469637332656726,4.275825072517048,22.97544704328183,1.3154098434475001,3.5568389066253268,20.426019420913306,-3.207973105359809,1.6875443822017482,23.284269466837824,-2.7624939870697105,1.6875443822017482,23.284269466837824,-2.7624939870697105,1.6875443822017482,23.284269466837824,-2.7624939870697105,1.6875443822017482,23.284269466837824,-2.7624939870697105,1.571465334445249,23.893017228433713,-2.703371924149514,1.571465334445249,23.893017228433713,-2.703371924149514,1.1763095243026573,21.47021897901683,1.4469637332656726,-1.1265060059718432,23.509303380287797,3.2865193595841617,-5.996316001857517,23.29606838827876,2.2522222832299437,-5.313034406277756,26.51278755281566,1.102859698471328,-5.313034406277756,26.51278755281566,1.102859698471328,-5.313034406277756,26.51278755281566,1.102859698471328,-5.313034406277756,26.51278755281566,1.102859698471328,-5.224777476002054,27.21840890847481,1.026008645804154,-5.224777476002054,27.21840890847481,1.026008645804154,1.1763095243026573,21.47021897901683,1.4469637332656726,1.305584579524428,23.218922034084684,1.362081507836784,1.2796076989336054,24.97658876349579,1.5583492978483953,1.2796076989336054,24.97658876349579,1.5583492978483953,1.256184,17.387355,1.145657,1.8370310323578107,15.299746580186312,0.17922292468802048,1.9163681528392018,7.961503544331596,-1.0066364141222337,2.13525533581716,0.48446606040967843,-1.6641621593631157,-0.0765723995960026,-0.25065693528019184,-2.2837296323352145,-0.0765723995960026,-0.25065693528019184,-2.2837296323352145,1.256184,17.387355,1.145657,0.2989264176479989,15.214933493521368,1.529427535370699,0.9258475322337841,8.171954597671768,2.6418508080972622,2.4129810697864107,0.903809169119012,3.682615949228479,0.44878322642698487,-0.10041409409132607,4.542927296340304,0.44878322642698487,-0.10041409409132607,4.542927296340304
0.5999760000000001,1.268421,17.381219,1.162886,1.268421,17.381219,1.162886,1.2535352231549743,19.42208762877236,1.291164287876601,1.2012727330005806,21.465439286812767,1.4486878642274932,1.2012727330005806,21.465439286812767,1.4486878642274932,4.291275450300341,22.97910630001517,1.2234991317761945,3.465622275569973,20.43738432809623,-3.285986632978159,1.6021990457577433,23.293732679971136,-2.805117681768294,1.6021990457577433,23.293732679971136,-2.805117681768294,1.6021990457577433,23.293732679971136,-2.805117681768294,1.6021990457577433,23.293732679971136,-2.805117681768294,1.4873330600040433,23.902550182843594,-2.744366925287615,1.4873330600040433,23.902550182843594,-2.744366925287615,1.2012727330005806,21.465439286812767,1.4486878642274932,-1.04318186858278,23.4872229902361,3.3773152679276306,-5.890630079333642,23.120315663021476,2.2828227566126835,-5.018291589046425,26.30739312372535,1.1797574405788775,-5.018291589046425,26.30739312372535,1.1797574405788775,-5.018291589046425,26.30739312372535,1.1797574405788775,-5.018291589046425,26.30739312372535,1.1797574405788775,-4.8914076584160915,27.00777090415841,1.1092712687189863,-4.8914076584160915,27.00777090415841,1.1092712687189863,1.2012727330005806,21.465439286812767,1.4486878642274932,1.317659692074417,23.21445506381141,1.3523691512617206,1.285194446400894,24.972866309595133,1.5408474628115898,1.285194446400894,24.972866309595133,1.5408474628115898,1.268421,17.381219,1.162886,1.827384726531604,15.293225163378441,0.18445444794728938,1.8949612536052531,7.9561381949238825,-1.0092606913229485,2.1410989579538433,0.479706288752757,-1.6640304396959198,-0.07069814181247747,-0.2578574074255382,-2.280800240387479,-0.07069814181247747,-0.2578574074255382,-2.280800240387479,1.268421,17.381219,1.162886,0.31264666678235753,15.210571078202616,1.560151815492676,0.920600110829751,8.162427420958188,2.6501660106828346,2.4118105372040306,0.8916030978556142,3.666089893142849,0.4464208713918534,-0.09954394506673558,4.538754860369665,0.4464208713918534,-0.09954394506673558,4.538754860369665
0.608309,1.28245,17.375872,1.178341,1.28245,17.375872,1.178341,1.2732538013459003,19.417191759790324,1.2997935982426512,1.2275992144306989,21.461233526019686,1.450259408324377,1.2275992144306989,21.461233526019686,1.450259408324377,4.305714112362015,22.982582486740505,1.1328943191180103,3.37064348252203,20.447647872629705,-3.359016747387379,1.516175457213538,23.303589641581702,-2.84243960468383,1.516175457213538,23.303589641581702,-2.84243960468383,1.516175457213538,23.303589641581702,-2.84243960468383,1.516175457213538,23.303589641581702,-2.84243960468383,1.4030953135814639,23.912579950013228,-2.780091499238481,1.4030953135814639,23.912579950013228,-2.780091499238481,1.2275992144306989,21.461233526019686,1.450259408324377,-0.9606488536431026,23.46294004637622,3.462604026731822,-5.782319314442317,22.95162839179799,2.3135420791638204,-4.747365711116406,26.103898076142094,1.2518184099693148,-4.747365711116406,26.103898076142094,1.2518184099693148,-4.747365711116406,26.103898076142094,1.2518184099693148,-4.747365711116406,26.103898076142094,1.2518184099693148,-4.585469924262454,26.797557041853622,1.1868271714293919,-4.585469924262454,26.797557041853622,1.1868271714293919,1.2275992144306989,21.461233526019686,1.450259408324377,1.3306931593838056,23.210470935190852,1.3433971990539377,1.2913964881067168,24.96947495243692,1.5249152817309508,1.2913964881067168,24.96947495243692,1.5249152817309508,1.28245,17.375872,1.178341,1.818749417360093,15.287300432124866,0.18852346519733654,1.8746964936679873,7.9511836284359285,-1.0117380774196936,2.1468076886870797,0.47542232191115463,-1.66388041304304,-0.06497015589520538,-0.2645700841567701,-2.2778035423326486,-0.06497015589520538,-0.2645700841567701,-2.2778035423326486,1.28245,17.375872,1.178341,0.3277379131482646,15.207296199564171,1.589243584055274,0.9144593711732485,8.154487191780174,2.660556040537485,2.4100223029360106,0.8813787015924257,3.6534712510142096,0.4433867550916437,-0.09866053129473729,4.535820880218432,0.4433867550916437,-0.09866053129473729,4.535820880218432
0.616642,1.298419,17.371249,1.191736,1.298419,17.371249,1.191736,1.2948236796374681,19.41293390002364,1.3071981500187102,1.2553355743162433,21.457551535253824,1.4514564553042857,1.2553355743162433,21.457551535253824,1.4514564553042857,4.319316804308208,22.985911302403885,1.0438414047799738,3.2729562866422026,20.45659741443905,-3.426641402839124,1.430214221937882,23.313432066760463,-2.8742788034853683,1.430214221937882,23.313432066760463,-2.8742788034853683,1.430214221937882,23.313432066760463,-2.8742788034853683,1.430214221937882,23.313432066760463,-2.8742788034853683,1.3194296241066492,23.92268661662202,-2.8104096618255445,1.3194296241066492,23.92268661662202,-2.8104096618255445,1.2553355743162433,21.457551535253824,1.4514564553042857,-0.8801629331509095,23.436444801570445,3.5415322982899644,-5.674225516658019,22.790953423736184,2.3454579583935073,-4.5009441957237195,25.90610834183076,1.3186127646968926,-4.5009441957237195,25.90610834183076,1.3186127646968926,-4.5009441957237195,25.90610834183076,1.3186127646968926,-4.5009441957237195,25.90610834183076,1.3186127646968926,-4.307703948211326,26.59209991421969,1.258026982926683,-4.307703948211326,26.59209991421969,1.258026982926683,1.2553355743162433,21.457551535253824,1.4514564553042857,1.344911072359759,23.20692342436237,1.3350363941161,1.2985388005967808,24.96637658622617,1.510428409381945,1.2985388005967808,24.96637658622617,1.510428409381945,1.298419,17.371249,1.191736,1.8113274262201036,15.281875823679837,0.1912702645616451,1.855596265046652,7.946537608227317,-1.0142259561834865,2.152174113038755,0.4714771208743551,-1.6637284819636968,-0.05960350574166373,-0.2708129801353517,-2.2748723066932115,-0.05960350574166373,-0.2708129801353517,-2.2748723066932115,1.298419,17.371249,1.191736,0.34435073313729425,15.205054532135643,1.6164622343668602,0.907631494324566,8.148098573612941,2.6729444786792005,2.4077050191650597,0.8731057916956093,3.6450327726233978,0.43963297829902737,-0.0978529800826019,4.53419229130852,0.43963297829902737,-0.0978529800826019,4.53419229130852
0.6249750000000001,1.316221,17.36728,1.202955,1.316221,17.36728,1.202955,1.3180927899864865,19.409255718416993,1.313197129867168,1.2843353423517063,21.45434472165106,1.4521303763572095,1.2843353423517063,21.45434472165106,1.4521303763572095,4.332009075964556,22.989354254941436,0.9567061832115955,3.173401216782387,20.464195091421523,-3.4883713906371137,1.344962079640587,23.3230809782882,-2.900248277213844,1.344962079640587,23.3230809782882,-2.900248277213844,1.344962079640587,23.3230809782882,-2.900248277213844,1.344962079640587,23.3230809782882,-2.900248277213844,1.236932087536067,23.93267849746964,-2.8349490711411005,1.236932087536067,23.93267849746964,-2.8349490711411005,1.2843353423517063,21.45434472165106,1.4521303763572095,-0.802558957871627,23.408556179341254,3.6133150567183616,-5.568738273998524,22.638993649049134,2.3797846604595074,-4.279030824927554,25.716723401999708,1.3800724332592709,-4.279030824927554,25.716723401999708,1.3800724332592709,-4.279030824927554,25.716723401999708,1.3800724332592709,-4.279030824927554,25.716723401999708,1.3800724332592709,-4.057966456853157,26.394572431125724,1.323080271686072,-4.057966456853157,26.394572431125724,1.323080271686072,1.2843353423517063,21.45434472165106,1.4521303763572095,1.3603559318972507,23.203771813631974,1.3272098948165407,1.3068000618433004,24.963542302657196,1.4972915520835817,1.3068000618433004,24.963542302657196,1.4972915520835817,1.316221,17.36728,1.202955,1.8051949104624523,15.276883172567201,0.1926913561198782,1.83759235502904,7.94214230211271,-1.0168103480004813,2.1571648968528603,0.4677787966041276,-1.663420600419744,-0.054641830156652915,-0.2765596047237088,-2.2719622589478874,-0.054641830156652915,-0.2765596047237088,-2.2719622589478874,1.316221,17.36728,1.202955,0.3624277035430762,15.203752562759563,1.6416627393227232,0.9005381671017554,8.143216672527476,2.6872905032775924,2.4049359835799455,0.8666561024463837,3.640783915848847,0.4350815263800756,-0.09701564992049794,4.533915101812001,0.4350815263800756,-0.09701564992049794,4.533915101812001
0.633308,1.335493,17.36396,1.21212,1.335493,17.36396,1.21212,1.3424669308981745,19.406164662120716,1.317823111118963,1.3138335282258138,21.45163300189109,1.4522494576751137,1.3138335282258138,21.45163300189109,1.4522494576751137,4.343341148594368,22.99283823370545,0.8719180036275946,3.072731411045927,20.470633837991155,-3.5441380978147987,1.2606015820287666,23.332380321432765,-2.9205199965734985,1.2606015820287666,23.332380321432765,-2.9205199965734985,1.2606015820287666,23.332380321432765,-2.9205199965734985,1.2606015820287666,23.332380321432765,-2.9205199965734985,1.1556428935841085,23.942370926735585,-2.8538961565289958,1.1556428935841085,23.942370926735585,-2.8538961565289958,1.3138335282258138,21.45163300189109,1.4522494576751137,-0.7282654266311919,23.380261392130453,3.6782354987891743,-5.466932869496548,22.495782557049342,2.4160877038691555,-4.081715836578503,25.538179231694325,1.4361966285843202,-4.081715836578503,25.538179231694325,1.4361966285843202,-4.081715836578503,25.538179231694325,1.4361966285843202,-4.081715836578503,25.538179231694325,1.4361966285843202,-3.836906900190188,26.208007124072683,1.3814604718285886,-3.836906900190188,26.208007124072683,1.3814604718285886,1.3138335282258138,21.45163300189109,1.4522494576751137,1.3764617311942227,23.20103736600834,1.319805182976386,1.3157371952480532,24.96101440049214,1.4852788794472502,1.3157371952480532,24.96101440049214,1.4852788794472502,1.335493,17.36396,1.21212,1.8003295798468875,15.272394519641114,0.1929204087484364,1.821367304858799,7.938048109781488,-1.0192213971907584,2.162070024804822,0.46436927056501,-1.6629507699625878,-0.04972801041553421,-0.2818946147500404,-2.2691613508417556,-0.04972801041553421,-0.2818946147500404,-2.2691613508417556,1.335493,17.36396,1.21212,0.3818637774456358,15.203260740883575,1.664897121930976,0.8945071992933178,8.139760869240426,2.7032774156256876,2.4022264960327497,0.8617566872600824,3.6403653823695676,0.4303082467795991,-0.09635811033505048,4.534919794963698,0.4303082467795991,-0.09635811033505048,4.534919794963698
0.641641,1.355908,17.361204,1.219429,1.355908,17.361204,1.219429,1.3675299061573714,19.403589785798022,1.3211487063870497,1.3434141603580005,21.44936252427651,1.4517755669585535,1.3434141603580005,21.44936252427651,1.4517755669585535,4.3531608237993416,22.99637868428948,0.7898234481746893,2.971822696788796,20.475888392250006,-3.5938450243037856,1.177627910592604,23.341119884769498,-2.935346313324834,1.177627910592604,23.341119884769498,-2.935346313324834,1.177627910592604,23.341119884769498,-2.935346313324834,1.177627910592604,23.341119884769498,-2.935346313324834,1.07595741833966,23.951536061655574,-2.8675318391999842,1.07595741833966,23.951536061655574,-2.8675318391999842,1.3434141603580005,21.44936252427651,1.4517755669585535,-0.6570472903315394,23.35281201901608,3.736468865758365,-5.369094854855789,22.36125933621937,2.45439241448889,-3.907951695943976,25.372001373594504,1.4870851586764324,-3.907951695943976,25.372001373594504,1.4870851586764324,-3.907951695943976,25.372001373594504,1.4870851586764324,-3.907951695943976,25.372001373594504,1.4870851586764324,-3.6435797299029584,26.03444321119844,1.433464799077403,-3.6435797299029584,26.03444321119844,1.433464799077403,1.3434141603580005,21.44936252427651,1.4517755669585535,1.3930362023600824,23.198669375010045,1.312697884261908,1.3253553545592556,24.958766493672037,1.47414636247933,1.3253553545592556,24.958766493672037,1.47414636247933,1.355908,17.361204,1.219429,1.7966929619914727,15.268361478158642,0.19219689017531372,1.8069159608510978,7.93422121254735,-1.0213308837274646,2.1666424288836486,0.46118990067363796,-1.6622217640276014,-0.04511022186096225,-0.2868086775001103,-2.2664567700262914,-0.04511022186096225,-0.2868086775001103,-2.2664567700262914,1.355908,17.361204,1.219429,0.4024647374750482,15.203421183094207,1.6862869707061576,0.8905441876971396,8.137583826888132,2.7205926580702378,2.399576169567979,0.85799403796028,3.6431386952566136,0.4252364301044118,-0.0957710066634746,4.536999969184946,0.4252364301044118,-0.0957710066634746,4.536999969184946
0.649974,1.376993,17.358998,1.225194,1.376993,17.358998,1.225194,1.392707008515724,19.401529404265226,1.3233785096066,1.3724887502207386,21.447547022787184,1.4507918924564667,1.3724887502207386,21.447547022787184,1.4507918924564667,4.361201768593471,23.000004696386977,0.7108701057178467,2.8713861313658047,20.480086377538562,-3.637460222512071,1.0963673587804934,23.349255596242504,-2.945012866887436,1.0963673587804934,23.349255596242504,-2.945012866887436,1.0963673587804934,23.349255596242504,-2.945012866887436,1.0963673587804934,23.349255596242504,-2.945012866887436,0.9981039256846488,23.960112640599036,-2.87615380810634,0.9981039256846488,23.960112640599036,-2.87615380810634,1.3724887502207386,21.447547022787184,1.4507918924564667,-0.5886122188775071,23.327344288180846,3.7885760343995236,-5.275000537786944,22.234998142277277,2.4944224801723687,-3.7566397505541507,25.219200535374064,1.5330136855229632,-3.7566397505541507,25.219200535374064,1.5330136855229632,-3.7566397505541507,25.219200535374064,1.5330136855229632,-3.7566397505541507,25.219200535374064,1.5330136855229632,-3.477043648479474,25.875371653931534,1.4795127465061084,-3.477043648479474,25.875371653931534,1.4795127465061084,1.3724887502207386,21.447547022787184,1.4507918924564667,1.409668509112488,23.196688510814145,1.3058742355212838,1.3353984538288375,24.956841797697212,1.4637746502227673,1.3353984538288375,24.956841797697212,1.4637746502227673,1.376993,17.358998,1.225194,1.7941668063525293,15.264820392084063,0.19084726258704254,1.7943914768506128,7.930712390274992,-1.0229185182468565,2.170769919169045,0.458279008874781,-1.6612130186099425,-0.040874228152042225,-0.2912902649240474,-2.2638967440390267,-0.040874228152042225,-0.2912902649240474,-2.2638967440390267,1.376993,17.358998,1.225194,0.4239521242487958,15.204115717772698,1.7060604507846593,0.8898017820896402,8.136550916653555,2.7388136774904903,2.397065464821833,0.8549519458232382,3.6483018999647943,0.4199349076027008,-0.09513094311021819,4.539913030484272,0.4199349076027008,-0.09513094311021819,4.539913030484272
0.658307,1.398211,17.357281,1.229818,1.398211,17.357281,1.229818,1.4173862450400216,19.399934322887827,1.3247989342603952,1.4004507688400996,21.44615301235706,1.449431626250532,1.4004507688400996,21.44615301235706,1.449431626250532,4.367186623792915,23.00370153922678,0.6354687656829547,2.772033877568174,20.4833194749269,-3.6750622429245903,1.0171264350656517,23.356756543972025,-2.949826924295788,1.0171264350656517,23.356756543972025,-2.949826924295788,1.0171264350656517,23.356756543972025,-2.949826924295788,1.0171264350656517,23.356756543972025,-2.949826924295788,0.9223173286860801,23.968056484489352,-2.8800614817685575,0.9223173286860801,23.968056484489352,-2.8800614817685575,1.4004507688400996,21.44615301235706,1.449431626250532,-0.5226643587387636,23.30469235804679,3.8352751187915914,-5.184145728323791,22.11620603763528,2.535898072970628,-3.6264772819327282,25.080055166608958,1.5744108783603008,-3.6264772819327282,25.080055166608958,1.5744108783603008,-3.6264772819327282,25.080055166608958,1.5744108783603008,-3.6264772819327282,25.080055166608958,1.5744108783603008,-3.3360362544850726,25.731443021387413,1.5202376393739363,-3.3360362544850726,25.731443021387413,1.5202376393739363,1.4004507688400996,21.44615301235706,1.449431626250532,1.4258770364671374,23.195069470155882,1.2993511962972106,1.345497473928089,24.955236564660044,1.454073853819678,1.345497473928089,24.955236564660044,1.454073853819678,1.398211,17.357281,1.229818,1.7925656211630572,15.261763685987043,0.18925150484495123,1.783929495002365,7.927528866110778,-1.023717013971396,2.1744334112309587,0.455637115151875,-1.6598629043632442,-0.03700861984692505,-0.29540151794415714,-2.261458049190204,-0.03700861984692505,-0.29540151794415714,-2.261458049190204,1.398211,17.357281,1.229818,0.4460112704640361,15.205167064094692,1.7245486201902156,0.8934067397689045,8.13643090522811,2.7574444326406278,2.394909843995533,0.8521483179883731,3.6548918268280284,0.4146527911529263,-0.09440902771055404,4.543308587234153,0.4146527911529263,-0.09440902771055404,4.543308587234153
0.66664,1.419071,17.356046,1.233662,1.419071,17.356046,1.233662,1.4410298938583093,19.39880760574244,1.3256646873796747,1.4267810858165384,21.445197237432744,1.4478018650931372,1.4267810858165384,21.445197237432744,1.4478018650931372,4.3709304533159905,23.00746915372691,0.5638869673732649,2.6743053306743176,20.485720521519166,-3.7069165447517687,0.9400752739762706,23.363623123638348,-2.950325696234068,0.9400752739762706,23.363623123638348,-2.950325696234068,0.9400752739762706,23.363623123638348,-2.950325696234068,0.9400752739762706,23.363623123638348,-2.950325696234068,0.8486931714788314,23.975355585699393,-2.8797827511305347,0.8486931714788314,23.975355585699393,-2.8797827511305347,1.4267810858165384,21.445197237432744,1.4478018650931372,-0.45905609040927264,23.285335947207624,3.877266237717832,-5.096027466489128,22.003962290913996,2.5784717927140104,-3.5163267455014546,24.954371188933234,1.6116092170601877,-3.5163267455014546,24.954371188933234,1.6116092170601877,-3.5163267455014546,24.954371188933234,1.6116092170601877,-3.5163267455014546,24.954371188933234,1.6116092170601877,-3.219361270067756,25.602705080937863,1.5561877548044163,-3.219361270067756,25.602705080937863,1.5561877548044163,1.4267810858165384,21.445197237432744,1.4478018650931372,1.4412175403997638,23.193839330526234,1.293135042727503,1.3552741319034283,24.953994920780016,1.4449711518530954,1.3552741319034283,24.953994920780016,1.4449711518530954,1.419071,17.356046,1.233662,1.7917232876400708,15.259217224227896,0.18775264971638927,1.7756639610781317,7.9247104495572955,-1.0234946717425373,2.177744418720728,0.45330395726223394,-1.6581265122399356,-0.03336695604502449,-0.29920011869697916,-2.2591054698967534,-0.03336695604502449,-0.29920011869697916,-2.2591054698967534,1.419071,17.356046,1.233662,0.4683688319214695,15.206461293190234,1.742079230687899,0.9022764908626564,8.137032403334638,2.7759876714055842,2.393334035852668,0.8492069264506501,3.6620144340426113,0.40964460488094523,-0.09349388652609159,4.546867282184083,0.40964460488094523,-0.09349388652609159,4.546867282184083
0.674973,1.439206,17.355205,1.237144,1.439206,17.355205,1.237144,1.4633077741822313,19.398068254108978,1.3263095476771005,1.451232648241135,21.444610071928587,1.4461086405330663,1.451232648241135,21.444610071928587,1.4461086405330663,4.372536428037028,23.011140450374768,0.4963816352544457,2.578729376850098,20.487344853416754,-3.733302473268008,0.8656018466635462,23.369886306767256,-2.9468828499542754,0.8656018466635462,23.369886306767256,-2.9468828499542754,0.8656018466635462,23.369886306767256,-2.9468828499542754,0.8656018466635462,23.369886306767256,-2.9468828499542754,0.7776062645337974,23.98203617234772,-2.8756584124663735,0.7776062645337974,23.98203617234772,-2.8756584124663735,1.451232648241135,21.444610071928587,1.4461086405330663,-0.39751785026315933,23.269338387912228,3.9153752586664,-5.010048616753227,21.897426677986566,2.6220434418647747,-3.4245301759761317,24.8414967285941,1.6454303738222076,-3.4245301759761317,24.8414967285941,1.6454303738222076,-3.4245301759761317,24.8414967285941,1.6454303738222076,-3.4245301759761317,24.8414967285941,1.6454303738222076,-3.1251006164924897,25.488558877261962,1.5884270206860545,-3.1251006164924897,25.488558877261962,1.5884270206860545,1.451232648241135,21.444610071928587,1.4461086405330663,1.455503969522626,23.192940416662097,1.2873567322027695,1.3645979329493392,24.953072032151887,1.4365578182170249,1.3645979329493392,24.953072032151887,1.4365578182170249,1.439206,17.355205,1.237144,1.7914853559891206,15.25712030329007,0.18670272502291385,1.7694850305502547,7.92222090355943,-1.0220711930079442,2.1804565126988273,0.4512411818821125,-1.6560315069447915,-0.030199921647813266,-0.3027252589150061,-2.256851229435259,-0.030199921647813266,-0.3027252589150061,-2.256851229435259,1.439206,17.355205,1.237144,0.4908080885256011,15.207831951563872,1.759032395120179,0.9168764335335784,8.138083517137815,2.7940155777431945,2.392271891597663,0.845723885834194,3.6688844011431203,0.4048607645361211,-0.09234494774201685,4.550302020495569,0.4048607645361211,-0.09234494774201685,4.550302020495569
0.683306,1.458235,17.354721,1.240585,1.458235,17.354721,1.240585,1.4838242115701055,19.39768558333222,1.3269711615158601,1.4734141107342278,21.444370077737233,1.44446692128057,1.4734141107342278,21.444370077737233,1.44446692128057,4.371890826622601,23.014656772759192,0.4330090586436939,2.4855769858730525,20.488301964494422,-3.754695215413175,0.793666269215539,23.375537577041335,-2.940069145734383,0.793666269215539,23.375537577041335,-2.940069145734383,0.793666269215539,23.375537577041335,-2.940069145734383,0.793666269215539,23.375537577041335,-2.940069145734383,0.7089711529549921,23.98807994730229,-2.868220813695936,0.7089711529549921,23.98807994730229,-2.868220813695936,1.4734141107342278,21.444370077737233,1.44446692128057,-0.338323800352627,23.256162453583556,3.950420550671142,-4.926192563077281,21.79574659754043,2.666312010308154,-3.3498891094359586,24.740365294438497,1.6765249496144068,-3.3498891094359586,24.740365294438497,1.6765249496144068,-3.3498891094359586,24.740365294438497,1.6765249496144068,-3.3498891094359586,24.740365294438497,1.6765249496144068,-3.051681248353668,25.387839063325647,1.6178167066514724,-3.051681248353668,25.387839063325647,1.6178167066514724,1.4734141107342278,21.444370077737233,1.44446692128057,1.468294406295534,23.19236259084509,1.2820619655515662,1.3729712533131053,24.952462834635913,1.428857073484254,1.3729712533131053,24.952462834635913,1.428857073484254,1.458235,17.354721,1.240585,1.791690985922775,15.255463400812106,0.18634989856192785,1.7655551492476762,7.9200708495115,-1.0193451871728068,2.1830801566150044,0.44947966254846783,-1.6536017803535121,-0.026958912611416253,-0.30609911808831436,-2.254667186315498,-0.026958912611416253,-0.30609911808831436,-2.254667186315498,1.458235,17.354721,1.240585,0.5131743624660547,15.209140922629972,1.775733229537154,0.9376189941820231,8.139360165707483,2.811162682786372,2.392210780604031,0.8414969896700217,3.6749057040664472,0.40084867121103485,-0.0909698092038781,4.553345094389842,0.40084867121103485,-0.0909698092038781,4.553345094389842
